alpha	1	400
b.IMD	401	800
b.male	801	1200
b.student	1201	1600
d[1]	1601	2000
d[2]	2001	2400
d[3]	2401	2800
d[4]	2801	3200
d[5]	3201	3600
d[6]	3601	4000
d[7]	4001	4400
d[8]	4401	4800
d[9]	4801	5200
d[10]	5201	5600
deviance	5601	6000
g[1]	6001	6400
g[2]	6401	6800
g[3]	6801	7200
g[4]	7201	7600
g[5]	7601	8000
g[6]	8001	8400
g[7]	8401	8800
g[8]	8801	9200
g[9]	9201	9600
g[10]	9601	10000
g[11]	10001	10400
g[12]	10401	10800
g[13]	10801	11200
g[14]	11201	11600
g[15]	11601	12000
g[16]	12001	12400
g[17]	12401	12800
g[18]	12801	13200
g[19]	13201	13600
g[20]	13601	14000
g[21]	14001	14400
g[22]	14401	14800
g[23]	14801	15200
g[24]	15201	15600
g[25]	15601	16000
g[26]	16001	16400
g[27]	16401	16800
g[28]	16801	17200
g[29]	17201	17600
g[30]	17601	18000
g[31]	18001	18400
g[32]	18401	18800
g[33]	18801	19200
g[34]	19201	19600
g[35]	19601	20000
g[36]	20001	20400
g[37]	20401	20800
g[38]	20801	21200
g[39]	21201	21600
g[40]	21601	22000
g[41]	22001	22400
g[42]	22401	22800
g[43]	22801	23200
g[44]	23201	23600
g[45]	23601	24000
g[46]	24001	24400
g[47]	24401	24800
g[48]	24801	25200
g[49]	25201	25600
g[50]	25601	26000
g[51]	26001	26400
g[52]	26401	26800
g[53]	26801	27200
g[54]	27201	27600
g[55]	27601	28000
g[56]	28001	28400
g[57]	28401	28800
g[58]	28801	29200
g[59]	29201	29600
g[60]	29601	30000
g[61]	30001	30400
g[62]	30401	30800
g[63]	30801	31200
g[64]	31201	31600
g[65]	31601	32000
g[66]	32001	32400
g[67]	32401	32800
g[68]	32801	33200
g[69]	33201	33600
g[70]	33601	34000
g[71]	34001	34400
g[72]	34401	34800
g[73]	34801	35200
g[74]	35201	35600
g[75]	35601	36000
g[76]	36001	36400
g[77]	36401	36800
g[78]	36801	37200
g[79]	37201	37600
g[80]	37601	38000
g[81]	38001	38400
g[82]	38401	38800
g[83]	38801	39200
g[84]	39201	39600
g[85]	39601	40000
g[86]	40001	40400
g[87]	40401	40800
g[88]	40801	41200
g[89]	41201	41600
g[90]	41601	42000
h[1]	42001	42400
h[2]	42401	42800
h[3]	42801	43200
h[4]	43201	43600
h[5]	43601	44000
h[6]	44001	44400
h[7]	44401	44800
h[8]	44801	45200
h[9]	45201	45600
r[1]	45601	46000
r[2]	46001	46400
r[3]	46401	46800
r[4]	46801	47200
r[5]	47201	47600
r[6]	47601	48000
r[7]	48001	48400
r[8]	48401	48800
r[9]	48801	49200
r[10]	49201	49600
r[11]	49601	50000
r[12]	50001	50400
r[13]	50401	50800
r[14]	50801	51200
r[15]	51201	51600
r[16]	51601	52000
r[17]	52001	52400
r[18]	52401	52800
r[19]	52801	53200
r[20]	53201	53600
r[21]	53601	54000
r[22]	54001	54400
r[23]	54401	54800
r[24]	54801	55200
r[25]	55201	55600
r[26]	55601	56000
r[27]	56001	56400
r[28]	56401	56800
r[29]	56801	57200
r[30]	57201	57600
r[31]	57601	58000
r[32]	58001	58400
r[33]	58401	58800
r[34]	58801	59200
r[35]	59201	59600
r[36]	59601	60000
r[37]	60001	60400
r[38]	60401	60800
r[39]	60801	61200
r[40]	61201	61600
r[41]	61601	62000
r[42]	62001	62400
r[43]	62401	62800
r[44]	62801	63200
r[45]	63201	63600
r[46]	63601	64000
r[47]	64001	64400
r[48]	64401	64800
r[49]	64801	65200
r[50]	65201	65600
r[51]	65601	66000
r[52]	66001	66400
r[53]	66401	66800
r[54]	66801	67200
r[55]	67201	67600
r[56]	67601	68000
r[57]	68001	68400
r[58]	68401	68800
r[59]	68801	69200
r[60]	69201	69600
r[61]	69601	70000
r[62]	70001	70400
r[63]	70401	70800
r[64]	70801	71200
r[65]	71201	71600
r[66]	71601	72000
r[67]	72001	72400
r[68]	72401	72800
r[69]	72801	73200
r[70]	73201	73600
r[71]	73601	74000
r[72]	74001	74400
r[73]	74401	74800
r[74]	74801	75200
r[75]	75201	75600
r[76]	75601	76000
r[77]	76001	76400
r[78]	76401	76800
r[79]	76801	77200
r[80]	77201	77600
r[81]	77601	78000
r[82]	78001	78400
r[83]	78401	78800
r[84]	78801	79200
r[85]	79201	79600
r[86]	79601	80000
r[87]	80001	80400
r[88]	80401	80800
r[89]	80801	81200
r[90]	81201	81600
r[91]	81601	82000
r[92]	82001	82400
r[93]	82401	82800
r[94]	82801	83200
r[95]	83201	83600
r[96]	83601	84000
r[97]	84001	84400
r[98]	84401	84800
r[99]	84801	85200
r[100]	85201	85600
r[101]	85601	86000
r[102]	86001	86400
r[103]	86401	86800
r[104]	86801	87200
r[105]	87201	87600
r[106]	87601	88000
r[107]	88001	88400
r[108]	88401	88800
r[109]	88801	89200
r[110]	89201	89600
r[111]	89601	90000
r[112]	90001	90400
r[113]	90401	90800
r[114]	90801	91200
r[115]	91201	91600
r[116]	91601	92000
r[117]	92001	92400
r[118]	92401	92800
r[119]	92801	93200
r[120]	93201	93600
r[121]	93601	94000
r[122]	94001	94400
r[123]	94401	94800
r[124]	94801	95200
r[125]	95201	95600
r[126]	95601	96000
r[127]	96001	96400
r[128]	96401	96800
r[129]	96801	97200
r[130]	97201	97600
r[131]	97601	98000
r[132]	98001	98400
r[133]	98401	98800
r[134]	98801	99200
r[135]	99201	99600
r[136]	99601	100000
r[137]	100001	100400
r[138]	100401	100800
r[139]	100801	101200
r[140]	101201	101600
r[141]	101601	102000
r[142]	102001	102400
r[143]	102401	102800
r[144]	102801	103200
r[145]	103201	103600
r[146]	103601	104000
r[147]	104001	104400
r[148]	104401	104800
r[149]	104801	105200
r[150]	105201	105600
r[151]	105601	106000
r[152]	106001	106400
r[153]	106401	106800
r[154]	106801	107200
r[155]	107201	107600
r[156]	107601	108000
r[157]	108001	108400
r[158]	108401	108800
r[159]	108801	109200
r[160]	109201	109600
r[161]	109601	110000
r[162]	110001	110400
r[163]	110401	110800
r[164]	110801	111200
r[165]	111201	111600
r[166]	111601	112000
r[167]	112001	112400
r[168]	112401	112800
r[169]	112801	113200
r[170]	113201	113600
r[171]	113601	114000
r[172]	114001	114400
r[173]	114401	114800
r[174]	114801	115200
r[175]	115201	115600
r[176]	115601	116000
r[177]	116001	116400
r[178]	116401	116800
r[179]	116801	117200
r[180]	117201	117600
r[181]	117601	118000
r[182]	118001	118400
r[183]	118401	118800
r[184]	118801	119200
r[185]	119201	119600
r[186]	119601	120000
r[187]	120001	120400
r[188]	120401	120800
r[189]	120801	121200
r[190]	121201	121600
r[191]	121601	122000
r[192]	122001	122400
r[193]	122401	122800
r[194]	122801	123200
r[195]	123201	123600
r[196]	123601	124000
r[197]	124001	124400
r[198]	124401	124800
r[199]	124801	125200
r[200]	125201	125600
r[201]	125601	126000
r[202]	126001	126400
r[203]	126401	126800
r[204]	126801	127200
r[205]	127201	127600
r[206]	127601	128000
r[207]	128001	128400
r[208]	128401	128800
r[209]	128801	129200
r[210]	129201	129600
r[211]	129601	130000
r[212]	130001	130400
r[213]	130401	130800
r[214]	130801	131200
r[215]	131201	131600
r[216]	131601	132000
r[217]	132001	132400
r[218]	132401	132800
r[219]	132801	133200
r[220]	133201	133600
r[221]	133601	134000
r[222]	134001	134400
r[223]	134401	134800
r[224]	134801	135200
r[225]	135201	135600
r[226]	135601	136000
r[227]	136001	136400
r[228]	136401	136800
r[229]	136801	137200
r[230]	137201	137600
r[231]	137601	138000
r[232]	138001	138400
r[233]	138401	138800
r[234]	138801	139200
r[235]	139201	139600
r[236]	139601	140000
r[237]	140001	140400
r[238]	140401	140800
r[239]	140801	141200
r[240]	141201	141600
r[241]	141601	142000
r[242]	142001	142400
r[243]	142401	142800
r[244]	142801	143200
r[245]	143201	143600
r[246]	143601	144000
r[247]	144001	144400
r[248]	144401	144800
r[249]	144801	145200
r[250]	145201	145600
r[251]	145601	146000
r[252]	146001	146400
r[253]	146401	146800
r[254]	146801	147200
r[255]	147201	147600
r[256]	147601	148000
r[257]	148001	148400
r[258]	148401	148800
r[259]	148801	149200
r[260]	149201	149600
r[261]	149601	150000
r[262]	150001	150400
r[263]	150401	150800
r[264]	150801	151200
r[265]	151201	151600
r[266]	151601	152000
r[267]	152001	152400
r[268]	152401	152800
r[269]	152801	153200
r[270]	153201	153600
r[271]	153601	154000
r[272]	154001	154400
r[273]	154401	154800
r[274]	154801	155200
r[275]	155201	155600
r[276]	155601	156000
r[277]	156001	156400
r[278]	156401	156800
r[279]	156801	157200
r[280]	157201	157600
r[281]	157601	158000
r[282]	158001	158400
r[283]	158401	158800
r[284]	158801	159200
r[285]	159201	159600
r[286]	159601	160000
r[287]	160001	160400
r[288]	160401	160800
r[289]	160801	161200
r[290]	161201	161600
r[291]	161601	162000
r[292]	162001	162400
r[293]	162401	162800
r[294]	162801	163200
r[295]	163201	163600
r[296]	163601	164000
r[297]	164001	164400
r[298]	164401	164800
r[299]	164801	165200
r[300]	165201	165600
r[301]	165601	166000
r[302]	166001	166400
r[303]	166401	166800
r[304]	166801	167200
r[305]	167201	167600
r[306]	167601	168000
r[307]	168001	168400
r[308]	168401	168800
tau.age	168801	169200
tau.conception	169201	169600
tau.ethngrp	169601	170000
tau.gor	170001	170400
tau.la	170401	170800
tau.met	170801	171200
tau.ons	171201	171600
u[1]	171601	172000
u[2]	172001	172400
u[3]	172401	172800
u[4]	172801	173200
u[5]	173201	173600
u[6]	173601	174000
v[1]	174001	174400
v[2]	174401	174800
v[3]	174801	175200
v[4]	175201	175600
v[5]	175601	176000
v[6]	176001	176400
v[7]	176401	176800
v[8]	176801	177200
v[9]	177201	177600
w[1]	177601	178000
w[2]	178001	178400
w[3]	178401	178800
w[4]	178801	179200
w[5]	179201	179600
w[6]	179601	180000
