2	-1.947
3	-1.962
4	-1.293
5	-1.506
6	-1.497
7	-1.029
8	-0.7285
9	-0.4728
10	-0.6976
11	-0.4883
12	-0.6154
13	-0.8885
14	-0.8641
15	-0.7522
16	-0.4636
17	-0.5672
18	-0.3407
19	-0.3699
20	-0.05768
21	0.2463
22	-0.2875
23	-0.2136
24	-0.5202
25	-0.2887
26	-0.5733
27	-0.3827
28	-0.3508
29	-0.4122
30	-0.7011
31	-0.5054
32	-0.9204
33	-0.9331
34	-0.9518
35	-1.376
36	-0.7755
37	-0.7761
38	-0.3614
39	-0.241
40	-0.4073
41	-0.3081
2	-0.01401
3	-0.2008
4	-0.1114
5	-0.2549
6	-0.149
7	-0.3036
8	-0.3337
9	-0.4747
10	-0.2194
11	0.174
12	-0.369
13	-0.2249
14	-0.03134
15	-0.1533
16	0.01915
17	-0.1928
18	0.06516
19	-0.06394
20	-0.2031
21	-0.1786
22	-0.2495
23	-0.1293
24	-0.09206
25	-0.3729
26	-0.1242
27	-0.1934
28	-0.2076
29	-0.2561
30	-0.179
31	-0.07025
32	-0.1738
33	-0.08272
34	-0.04802
35	-0.1044
36	-0.2626
37	-0.169
38	0.0989
39	-0.2086
40	-0.1579
41	-0.2244
2	-0.5088
3	-0.5397
4	-0.6871
5	-0.6151
6	-0.5698
7	-0.7598
8	-0.6614
9	-0.5548
10	-0.5014
11	-0.528
12	-0.5444
13	-0.5288
14	-0.6102
15	-0.6867
16	-0.5614
17	-0.5416
18	-0.6899
19	-0.5019
20	-0.6794
21	-0.5541
22	-0.5078
23	-0.5219
24	-0.6681
25	-0.6611
26	-0.6126
27	-0.5745
28	-0.5268
29	-0.7264
30	-0.5835
31	-0.5906
32	-0.6195
33	-0.6259
34	-0.683
35	-0.519
36	-0.5525
37	-0.471
38	-0.6098
39	-0.6353
40	-0.5603
41	-0.6383
2	-0.1465
3	-0.1489
4	-0.3024
5	-0.2824
6	-0.2536
7	-0.3144
8	-0.1635
9	-0.3299
10	-0.1708
11	-0.2295
12	-0.2683
13	-0.3728
14	-0.2436
15	-0.3646
16	-0.4211
17	-0.2298
18	-0.4568
19	-0.1134
20	-0.2356
21	-0.2297
22	-0.3135
23	-0.2758
24	-0.2153
25	-0.3955
26	-0.3214
27	-0.3994
28	-0.2393
29	-0.2585
30	-0.07932
31	-0.3681
32	-0.2058
33	-0.1522
34	-0.1744
35	-0.07868
36	-0.3745
37	-0.1351
38	-0.3114
39	-0.2195
40	-0.3048
41	-0.2436
2	-4.093
3	-3.872
4	-3.99
5	-3.955
6	-3.429
7	-3.713
8	-3.831
9	-3.42
10	-3.988
11	-3.713
12	-3.252
13	-3.203
14	-3.133
15	-3.051
16	-2.691
17	-2.311
18	-1.815
19	-1.62
20	-1.246
21	-0.2824
22	-0.009944
23	0.01129
24	-0.1088
25	-0.2829
26	-0.2392
27	0.05222
28	-0.03644
29	-0.09706
30	-0.0182
31	0.01469
32	-0.01553
33	-0.03585
34	0.002481
35	-0.09042
36	0.02718
37	-0.02012
38	-0.1257
39	-0.06647
40	-0.09725
41	0.02241
2	-3.687
3	-3.422
4	-3.607
5	-3.49
6	-3.296
7	-3.468
8	-3.079
9	-3.38
10	-3.154
11	-2.94
12	-3.194
13	-2.687
14	-2.831
15	-2.739
16	-2.54
17	-1.767
18	-1.36
19	-1.545
20	-0.8234
21	-0.3007
22	0.0325
23	-0.007383
24	0.2186
25	-0.1889
26	0.1242
27	0.08697
28	0.09578
29	0.05277
30	-0.01558
31	0.03887
32	0.0332
33	0.03226
34	-0.03016
35	0.2017
36	0.04059
37	-0.02184
38	0.04129
39	0.01226
40	0.05715
41	-0.01925
2	-3.694
3	-3.897
4	-3.564
5	-3.601
6	-3.243
7	-3.509
8	-3.493
9	-3.564
10	-3.545
11	-3.466
12	-3.029
13	-2.841
14	-2.72
15	-2.552
16	-2.626
17	-2.278
18	-1.594
19	-1.563
20	-1.065
21	-0.4525
22	0.02364
23	-0.04183
24	-0.1116
25	-0.03139
26	-0.05137
27	0.07843
28	-0.1498
29	0.0315
30	-0.01061
31	-0.09438
32	-0.05109
33	-0.03051
34	0.03079
35	0.06375
36	-0.03744
37	-0.02513
38	-0.3229
39	-0.1179
40	-0.0363
41	0.01916
2	-4.134
3	-3.745
4	-4.061
5	-3.731
6	-3.448
7	-3.606
8	-3.622
9	-3.451
10	-3.497
11	-3.53
12	-3.139
13	-2.877
14	-2.997
15	-2.722
16	-2.815
17	-2.442
18	-1.784
19	-1.533
20	-1.166
21	-0.6291
22	-0.006185
23	0.05081
24	-0.02852
25	-0.1082
26	-0.1902
27	-0.2962
28	-0.1355
29	-0.1471
30	0.007672
31	0.04296
32	-0.05507
33	-0.04565
34	-0.107
35	-0.00188
36	-0.02686
37	-0.09132
38	-0.0289
39	0.03271
40	-0.07109
41	-0.02104
2	-3.45
3	-3.513
4	-3.39
5	-3.374
6	-3.104
7	-3.313
8	-3.164
9	-3.268
10	-3.314
11	-3.255
12	-2.774
13	-2.949
14	-2.376
15	-2.242
16	-2.149
17	-2.018
18	-1.302
19	-1.067
20	-0.8452
21	-0.109
22	0.04104
23	-0.01879
24	-0.03941
25	0.1588
26	0.04602
27	0.0732
28	0.06887
29	-0.01276
30	0.0323
31	0.1168
32	-1.712E-4
33	0.1262
34	-0.001419
35	0.2567
36	0.01616
37	0.1027
38	0.1868
39	0.186
40	0.1006
41	0.01184
2	-3.739
3	-3.592
4	-3.831
5	-3.52
6	-3.168
7	-3.398
8	-3.154
9	-3.293
10	-3.422
11	-3.122
12	-2.833
13	-2.716
14	-2.458
15	-2.489
16	-2.244
17	-1.935
18	-1.403
19	-1.441
20	-0.9426
21	-0.2806
22	0.00797
23	0.002693
24	0.02574
25	0.0409
26	0.01956
27	0.1549
28	-0.02789
29	0.1431
30	0.005305
31	-0.035
32	0.1012
33	0.06073
34	0.001541
35	0.05601
36	0.04735
37	0.03825
38	0.08782
39	-0.04227
40	0.002197
41	-0.01024
2	-3.589
3	-3.715
4	-3.391
5	-3.418
6	-3.327
7	-3.154
8	-3.461
9	-3.484
10	-3.549
11	-3.143
12	-2.967
13	-2.88
14	-2.653
15	-2.659
16	-2.413
17	-2.188
18	-1.307
19	-1.492
20	-0.8044
21	-0.1811
22	0.01538
23	0.05531
24	-0.001288
25	-0.1195
26	0.009656
27	-0.1627
28	-0.08733
29	-0.02016
30	-0.02026
31	0.03472
32	0.1015
33	0.02968
34	-0.04135
35	0.09249
36	-0.02693
37	-0.02751
38	-0.1555
39	0.07756
40	-0.008943
41	-0.02511
2	-3.498
3	-3.562
4	-3.766
5	-3.347
6	-3.063
7	-3.233
8	-3.081
9	-3.196
10	-3.307
11	-3.065
12	-3.073
13	-2.598
14	-2.544
15	-2.484
16	-2.264
17	-2.106
18	-1.4
19	-1.444
20	-0.9148
21	-0.2392
22	-0.005296
23	-0.03995
24	-0.0686
25	0.1264
26	-0.06732
27	-0.07491
28	0.1413
29	0.02471
30	0.0238
31	0.02911
32	0.06098
33	0.05211
34	0.02988
35	0.0927
36	0.06719
37	0.0296
38	0.0667
39	0.151
40	0.0972
41	-3.363E-4
2	-3.603
3	-3.447
4	-3.647
5	-3.311
6	-3.412
7	-3.211
8	-3.193
9	-3.054
10	-3.434
11	-3.394
12	-2.744
13	-2.764
14	-2.64
15	-2.382
16	-2.423
17	-2.085
18	-1.5
19	-1.533
20	-0.9536
21	-0.3465
22	-0.01635
23	0.03952
24	-0.09812
25	-0.03166
26	-0.06333
27	-0.06885
28	0.04342
29	-0.01308
30	0.03576
31	0.13
32	0.1123
33	-0.01076
34	0.008879
35	0.2096
36	0.01371
37	0.0329
38	-0.07014
39	0.07013
40	0.1118
41	0.03121
2	-3.808
3	-3.392
4	-3.746
5	-3.627
6	-3.407
7	-3.54
8	-3.295
9	-3.448
10	-3.577
11	-3.41
12	-3.246
13	-3.085
14	-3.015
15	-2.778
16	-2.739
17	-2.323
18	-1.955
19	-1.774
20	-1.168
21	-0.5416
22	-0.04617
23	-0.05185
24	0.01294
25	-0.1381
26	-0.2273
27	-0.2508
28	-0.05992
29	-0.2512
30	0.008207
31	-0.06357
32	0.03589
33	-0.03114
34	-0.0249
35	-0.1531
36	0.08553
37	-0.07951
38	-0.134
39	0.03596
40	-0.02173
41	-0.003348
2	4104.0
3	4109.0
4	4119.0
5	4092.0
6	4099.0
7	4091.0
8	4102.0
9	4097.0
10	4089.0
11	4113.0
12	4095.0
13	4088.0
14	4103.0
15	4091.0
16	4106.0
17	4079.0
18	4088.0
19	4110.0
20	4092.0
21	4098.0
22	4104.0
23	4105.0
24	4092.0
25	4099.0
26	4091.0
27	4092.0
28	4091.0
29	4106.0
30	4098.0
31	4099.0
32	4081.0
33	4089.0
34	4097.0
35	4099.0
36	4102.0
37	4085.0
38	4097.0
39	4083.0
40	4097.0
41	4107.0
2	0.07578
3	-0.07716
4	0.0082
5	0.04083
6	-0.05245
7	-0.0867
8	-0.05829
9	-0.05442
10	0.03263
11	0.06786
12	0.1986
13	0.1408
14	0.004407
15	-0.01272
16	-0.01531
17	0.0114
18	-0.109
19	0.1684
20	0.002484
21	0.02878
22	-0.00389
23	-0.006798
24	0.2027
25	0.005971
26	0.006356
27	0.02267
28	-0.01074
29	-0.1013
30	0.01146
31	0.03747
32	-0.00735
33	0.1021
34	0.1274
35	0.002117
36	-0.02339
37	-0.03363
38	-0.1521
39	-0.0221
40	0.07644
41	0.06536
2	-0.3619
3	-0.05389
4	0.02504
5	0.01297
6	-0.01084
7	0.01673
8	-0.242
9	0.009975
10	-0.03548
11	-0.0505
12	0.05546
13	0.05262
14	0.006484
15	-0.05423
16	-0.01382
17	-0.02122
18	-0.2642
19	0.07177
20	-0.02749
21	-0.06068
22	-0.03423
23	0.02253
24	-0.05529
25	0.03694
26	-0.01271
27	0.06859
28	-0.02653
29	-0.08935
30	0.0303
31	-0.02364
32	-0.0148
33	0.1507
34	-0.1647
35	-0.03028
36	0.02492
37	0.02338
38	-0.1459
39	-0.1095
40	-0.02153
41	0.002371
2	-0.1295
3	-0.007181
4	0.09737
5	-0.01855
6	-0.01464
7	-0.02134
8	-0.1171
9	0.105
10	-0.004244
11	0.1278
12	-0.01859
13	0.0321
14	0.1199
15	-0.02217
16	0.05386
17	0.132
18	-0.0384
19	0.1138
20	-0.01909
21	-0.06259
22	0.1647
23	0.008096
24	-0.02275
25	0.1205
26	0.005054
27	-0.03487
28	0.01047
29	-0.0954
30	-0.02672
31	0.01337
32	0.1163
33	0.06502
34	0.07343
35	-0.02876
36	0.0224
37	0.08504
38	0.02427
39	-0.04914
40	-0.07868
41	0.1166
2	-0.388
3	-0.01526
4	-0.02169
5	-0.01098
6	-0.09092
7	-0.1563
8	0.04418
9	-0.07654
10	-0.002364
11	-0.01467
12	-0.1455
13	-0.01294
14	0.0398
15	-0.01159
16	-0.05559
17	-0.04474
18	-0.03918
19	-0.1847
20	-0.02086
21	-0.005226
22	0.08259
23	-0.01282
24	-0.2383
25	-0.01053
26	0.02486
27	-0.146
28	0.035
29	-0.07908
30	-0.03561
31	0.03583
32	-0.1687
33	-0.1173
34	-0.0763
35	-0.03157
36	-0.08739
37	-0.2206
38	-0.1447
39	-0.2621
40	-0.02948
41	-0.005697
2	-0.02073
3	-0.01849
4	-0.1521
5	-0.02368
6	0.04646
7	0.06997
8	-0.04222
9	0.1178
10	3.346E-4
11	-5.786E-4
12	0.1074
13	0.2155
14	0.0045
15	-0.02595
16	0.0677
17	0.06983
18	-0.1262
19	0.1319
20	0.01262
21	-0.004702
22	-0.01312
23	0.006768
24	0.1796
25	0.004666
26	0.002024
27	0.08087
28	0.03093
29	0.04981
30	0.01149
31	0.04175
32	0.1143
33	0.1642
34	0.08548
35	-0.03335
36	0.07436
37	0.07424
38	0.0883
39	-0.05015
40	-0.04352
41	-6.951E-4
2	-0.1324
3	-0.05501
4	0.006181
5	-0.03912
6	-0.074
7	-0.1495
8	-0.1473
9	-0.08185
10	-0.09625
11	0.01712
12	-0.07184
13	-0.1619
14	-0.01175
15	-0.07613
16	-0.04235
17	-0.1266
18	-0.1708
19	-0.02911
20	-0.005973
21	-0.02586
22	-0.04097
23	0.03767
24	-0.1161
25	0.04132
26	0.02868
27	0.02549
28	-0.002513
29	0.0269
30	0.005918
31	0.01807
32	-0.07088
33	-0.042
34	-0.0343
35	-0.04734
36	-0.05726
37	-0.01799
38	0.01191
39	-0.1053
40	-0.1836
41	-0.09961
2	0.04947
3	0.0058
4	0.01954
5	0.0253
6	0.0608
7	0.08701
8	0.2535
9	0.07246
10	0.06532
11	0.01514
12	0.1289
13	0.2138
14	0.0175
15	0.03908
16	0.01703
17	0.2674
18	0.1087
19	0.1096
20	0.0438
21	0.03425
22	0.02452
23	-0.009481
24	0.1114
25	0.04006
26	0.08889
27	0.04316
28	0.1073
29	0.09904
30	0.002487
31	0.05048
32	0.01291
33	0.177
34	0.1299
35	0.04594
36	0.01419
37	0.1701
38	0.2495
39	0.01655
40	-0.02023
41	0.02406
2	-0.1548
3	0.01661
4	-0.06921
5	-0.01572
6	0.06238
7	0.02804
8	0.2011
9	0.1621
10	0.008316
11	0.02292
12	0.08327
13	0.2963
14	0.02551
15	0.1394
16	-0.007827
17	0.05237
18	-0.02321
19	0.0537
20	0.07323
21	0.02729
22	0.03733
23	-0.01317
24	0.09919
25	0.04025
26	-0.08898
27	0.114
28	0.02481
29	-0.2864
30	0.0122
31	-0.079
32	0.02399
33	0.05893
34	0.0012
35	-0.0598
36	-0.06159
37	-0.0224
38	0.03736
39	-0.004608
40	-0.1143
41	0.2245
2	-0.13
3	0.0289
4	-0.03411
5	0.02536
6	-0.009293
7	0.04659
8	0.1194
9	-0.197
10	-0.07332
11	-0.09094
12	-0.03062
13	-0.1091
14	-0.002826
15	0.007888
16	0.006442
17	-0.2136
18	-0.06745
19	0.01193
20	-0.01859
21	-0.01192
22	-0.03757
23	-0.001944
24	-0.1121
25	-0.04217
26	0.002399
27	-0.1112
28	0.0203
29	-0.123
30	0.01424
31	-0.02806
32	-0.09821
33	-0.1103
34	-0.00958
35	7.065E-4
36	-0.08921
37	-0.2188
38	-0.1457
39	-0.1659
40	-0.1105
41	-0.1449
2	0.2001
3	0.03851
4	0.07415
5	0.08176
6	0.02212
7	0.08065
8	0.2228
9	0.1663
10	0.1569
11	0.08703
12	0.1184
13	0.3066
14	0.1302
15	0.2772
16	0.1168
17	0.6355
18	1.948
19	7.697
20	3.259
21	4.341
22	15.78
23	9.293
24	9.798
25	14.74
26	12.41
27	20.57
28	16.79
29	11.99
30	4.658
31	3.536
32	13.17
33	17.38
34	10.9
35	7.808
36	24.98
37	6.88
38	25.57
39	10.92
40	34.67
41	29.05
2	0.0556
3	0.1101
4	0.1172
5	0.04709
6	0.1084
7	0.07403
8	0.1636
9	0.12
10	0.05758
11	0.06582
12	0.1806
13	0.1744
14	0.1145
15	0.179
16	0.2234
17	0.05685
18	0.3767
19	0.3225
20	0.7973
21	11.18
22	1498.0
23	418.1
24	86.08
25	65.93
26	50.0
27	52.31
28	133.3
29	29.78
30	3286.0
31	242.1
32	225.4
33	511.6
34	297.3
35	47.3
36	620.3
37	133.8
38	74.45
39	119.3
40	64.07
41	3632.0
2	2.21
3	8.772
4	2.544
5	3.11
6	1.254
7	0.7314
8	1.188
9	0.3892
10	1.163
11	0.5967
12	0.7884
13	0.6686
14	1.767
15	0.7923
16	0.6611
17	1.04
18	0.5565
19	0.5309
20	0.4277
21	0.7241
22	4.041
23	0.7634
24	5.018
25	1.213
26	3.825
27	4.415
28	10.55
29	6.308
30	1.364
31	0.8395
32	1.424
33	5.175
34	6.413
35	4.114
36	2.268
37	1.375
38	2.33
39	1.991
40	0.9718
41	2.312
2	26.18
3	377.6
4	139.8
5	1045.0
6	110.5
7	63.12
8	19.26
9	91.99
10	279.3
11	352.5
12	52.75
13	35.77
14	268.8
15	344.7
16	629.0
17	46.42
18	26.28
19	56.52
20	392.9
21	847.3
22	55.52
23	2533.0
24	59.06
25	318.0
26	129.9
27	103.3
28	576.2
29	84.28
30	2455.0
31	645.1
32	66.76
33	71.5
34	151.8
35	597.5
36	302.9
37	50.67
38	23.89
39	79.96
40	51.7
41	46.82
2	0.3116
3	0.4576
4	0.658
5	0.8507
6	2.511
7	23.34
8	820.7
9	88.23
10	906.9
11	2167.0
12	81.79
13	76.42
14	309.1
15	619.5
16	302.8
17	312.7
18	405.4
19	93.82
20	951.3
21	846.2
22	371.1
23	676.1
24	1827.0
25	454.8
26	177.0
27	692.1
28	600.5
29	237.5
30	211.2
31	2011.0
32	999.3
33	88.9
34	134.6
35	224.1
36	249.8
37	173.4
38	419.1
39	337.0
40	402.9
41	999.6
2	1.863
3	1.471
4	1.646
5	1.244
6	0.4424
7	0.1121
8	0.04889
9	-0.01671
10	-0.01564
11	-0.0427
12	0.06979
13	-0.06158
14	0.0575
15	0.008933
16	0.03888
17	0.07514
18	0.027
19	0.02571
20	0.0525
21	0.004467
22	-0.1149
23	-0.05938
24	0.02369
25	-0.005486
26	-0.04243
27	0.02907
28	0.06975
29	0.04778
30	-0.03488
31	-0.02755
32	0.003848
33	0.008148
34	0.04713
35	-0.009749
36	0.02007
37	-0.007291
38	0.01729
39	-0.04958
40	-0.03718
41	0.04288
2	1.933
3	1.426
4	1.317
5	1.046
6	0.5154
7	0.1221
8	0.06176
9	-0.05856
10	-0.04135
11	0.01412
12	0.01933
13	0.03447
14	-0.03787
15	-0.08436
16	0.006471
17	-0.01992
18	0.007255
19	0.1273
20	0.02278
21	-0.002948
22	-0.001794
23	-0.02004
24	0.003045
25	0.004892
26	-0.01849
27	0.005347
28	-0.04574
29	0.01415
30	0.03541
31	-0.02264
32	0.04373
33	0.1462
34	0.01214
35	-0.04091
36	-0.02809
37	-0.04111
38	-0.04387
39	0.06878
40	0.07862
41	-0.006063
2	1.794
3	1.491
4	1.509
5	1.038
6	0.5482
7	-0.1369
8	-0.002101
9	0.05366
10	-0.008391
11	-0.03245
12	0.09395
13	-0.1497
14	0.007623
15	-0.03541
16	0.07423
17	-0.03618
18	0.02192
19	0.01439
20	-0.01664
21	-0.0409
22	-0.02636
23	-0.03307
24	-0.02235
25	-0.01732
26	0.06722
27	0.04631
28	-0.007565
29	-0.04073
30	0.02549
31	0.006535
32	0.006112
33	-0.1408
34	0.03113
35	-0.06664
36	-0.01138
37	-0.1146
38	0.05968
39	-0.07184
40	-0.04776
41	-0.002337
2	1.596
3	1.686
4	1.529
5	1.1
6	0.31
7	0.03832
8	0.002208
9	0.02147
10	0.0161
11	-0.004286
12	0.02927
13	0.0306
14	-0.05413
15	-0.009665
16	-0.09903
17	-0.004101
18	-0.06086
19	-0.1543
20	-0.03981
21	-0.00923
22	0.00197
23	-0.03907
24	-0.01308
25	-0.05921
26	-0.01279
27	-0.02906
28	0.05246
29	-0.09501
30	-0.01182
31	0.004486
32	0.04681
33	-0.1026
34	-0.0157
35	-0.08521
36	-0.02034
37	0.01257
38	0.03284
39	0.01632
40	0.002681
41	0.03964
2	1.854
3	1.689
4	1.516
5	1.248
6	0.3293
7	0.02681
8	-0.01092
9	0.02564
10	-0.04776
11	-0.01574
12	0.00846
13	-0.03109
14	0.03088
15	0.07441
16	-0.04678
17	0.0646
18	-0.004006
19	-0.1618
20	-0.05519
21	-0.02674
22	0.0197
23	-0.03827
24	-0.01268
25	-0.03457
26	-0.06707
27	-0.01067
28	0.02743
29	-0.0391
30	0.007575
31	0.0166
32	0.04248
33	0.01937
34	-0.01678
35	-0.02873
36	-0.007898
37	0.029
38	-0.04173
39	0.06681
40	-0.03245
41	0.02587
2	1.966
3	1.62
4	1.616
5	1.248
6	0.5214
7	0.1509
8	-0.007333
9	-0.09548
10	-0.08208
11	0.0186
12	-0.04191
13	-0.05982
14	0.02858
15	0.05174
16	0.04864
17	-0.07132
18	0.02149
19	0.02125
20	0.04521
21	-0.0274
22	-0.08914
23	-0.06225
24	0.01659
25	-0.04895
26	-0.01937
27	-0.0653
28	0.07254
29	0.04998
30	0.06587
31	0.002596
32	0.03671
33	0.1805
34	-0.07888
35	-0.0824
36	-0.001021
37	0.09313
38	0.01921
39	0.0186
40	-0.02109
41	-0.02897
2	2.347
3	2.499
4	2.364
5	2.539
6	2.519
7	2.902
8	2.145
9	2.183
10	2.108
11	1.681
12	1.683
13	1.748
14	1.916
15	1.55
16	1.313
17	0.62
18	-0.07209
19	-0.4529
20	-0.5977
21	-0.7166
22	-0.3226
23	-0.5561
24	-0.5625
25	-0.4791
26	-0.3339
27	-0.369
28	-0.3139
29	-0.1152
30	-0.4744
31	-0.5503
32	-0.3565
33	-0.4044
34	-0.2472
35	-0.08838
36	-0.4501
37	-0.6216
38	-0.1181
39	-0.2092
40	-0.3659
41	-0.1461
2	2.916
3	2.935
4	3.179
5	3.106
6	3.461
7	3.617
8	3.129
9	2.896
10	2.847
11	2.523
12	2.414
13	2.479
14	2.384
15	2.285
16	1.821
17	1.215
18	0.657
19	0.0773
20	0.0178
21	-0.1398
22	-0.1754
23	0.01248
24	0.04334
25	0.09289
26	-0.003954
27	0.09039
28	0.09869
29	0.226
30	0.005619
31	0.0724
32	0.2256
33	0.05924
34	0.1309
35	0.4768
36	-1.732E-4
37	-0.12
38	0.134
39	0.3922
40	0.06999
41	0.1136
2	2.889
3	3.457
4	3.263
5	3.388
6	3.681
7	3.714
8	3.24
9	2.988
10	3.115
11	2.714
12	2.47
13	2.521
14	2.54
15	2.313
16	1.936
17	1.492
18	0.924
19	0.4745
20	0.02047
21	0.0186
22	0.2273
23	0.2001
24	0.3407
25	0.09341
26	0.1426
27	0.2821
28	0.1934
29	0.2765
30	0.3023
31	0.1343
32	0.4336
33	0.1491
34	0.4937
35	0.781
36	0.1894
37	0.1939
38	0.298
39	0.5271
40	0.1378
41	0.08255
2	3.208
3	3.349
4	3.255
5	3.332
6	3.631
7	3.704
8	3.252
9	2.964
10	3.041
11	2.292
12	2.644
13	2.481
14	2.518
15	2.375
16	2.183
17	1.475
18	0.6091
19	0.278
20	-0.2419
21	0.04845
22	0.2765
23	0.09959
24	0.1834
25	0.1341
26	0.2011
27	0.1927
28	0.1306
29	0.2391
30	0.2383
31	-0.111
32	0.441
33	0.09335
34	0.2468
35	0.5737
36	0.1601
37	0.04128
38	0.285
39	0.3762
40	0.1933
41	0.3567
2	3.046
3	3.009
4	3.089
5	3.364
6	3.555
7	3.748
8	3.42
9	3.105
10	2.823
11	2.786
12	2.458
13	2.499
14	2.621
15	2.282
16	2.051
17	1.5
18	0.6541
19	0.1578
20	0.127
21	-0.1971
22	0.1647
23	0.2899
24	0.1759
25	0.3375
26	0.1661
27	0.3079
28	0.09262
29	0.3652
30	0.2455
31	0.02603
32	0.3785
33	0.1013
34	0.228
35	0.5237
36	0.06067
37	0.09735
38	0.187
39	0.3877
40	0.08911
41	0.1355
2	3.012
3	3.086
4	3.377
5	3.357
6	3.471
7	3.466
8	3.24
9	2.928
10	3.056
11	2.578
12	2.491
13	2.527
14	2.418
15	2.315
16	1.969
17	1.382
18	0.6186
19	0.361
20	-0.07457
21	-0.02247
22	0.1804
23	0.2372
24	0.278
25	-0.1326
26	0.1632
27	0.05813
28	-0.03724
29	0.3849
30	0.2817
31	0.03958
32	0.1982
33	0.1177
34	0.1887
35	0.5806
36	-0.2298
37	0.0357
38	0.2907
39	0.3983
40	0.2125
41	0.1369
2	2.525
3	2.756
4	2.557
5	2.726
6	3.135
7	3.16
8	2.773
9	2.661
10	2.539
11	2.338
12	2.014
13	2.023
14	2.137
15	1.91
16	1.328
17	0.9682
18	0.3177
19	-0.2721
20	-0.4794
21	-0.5269
22	-0.2202
23	-0.03808
24	-0.1115
25	-0.225
26	-0.3448
27	-0.2813
28	-0.1922
29	-0.0303
30	-0.1063
31	-0.2231
32	-0.05233
33	-0.2168
34	-0.09248
35	0.07914
36	-0.1993
37	-0.1015
38	0.02508
39	-0.2072
40	-0.1274
41	-0.1009
2	2.502
3	2.821
4	2.743
5	2.735
6	3.22
7	3.098
8	2.799
9	2.697
10	2.534
11	2.128
12	2.117
13	1.985
14	1.807
15	1.822
16	1.685
17	1.076
18	0.1449
19	-0.008707
20	-0.5908
21	-0.3188
22	-0.3007
23	-0.1755
24	-0.3553
25	-0.2458
26	-0.3113
27	-0.0289
28	-0.2012
29	-9.654E-4
30	-0.05505
31	-0.6268
32	-0.001162
33	-0.2288
34	-0.2376
35	0.4457
36	-0.102
37	-0.352
38	-0.2574
39	-0.1158
40	-0.1086
41	-0.1814
2	2.536
3	2.767
4	2.721
5	2.799
6	3.343
7	3.322
8	2.908
9	2.579
10	2.599
11	2.083
12	2.043
13	1.973
14	1.902
15	1.662
16	1.367
17	0.9806
18	0.08798
19	0.1365
20	-0.5198
21	-0.1366
22	-0.3218
23	-0.1647
24	-0.1923
25	-0.1879
26	-0.1623
27	-0.2609
28	-0.3225
29	-0.04123
30	-0.1992
31	-0.4532
32	0.06846
33	-0.1205
34	-0.2655
35	0.3005
36	-0.2364
37	-0.268
38	-0.1795
39	7.179E-4
40	-0.09667
41	-0.3382
2	1.111
3	0.9345
4	0.4296
5	0.6841
6	0.9453
7	0.954
8	0.9495
9	1.074
10	1.331
11	1.35
12	1.266
13	1.452
14	1.303
15	1.232
16	1.103
17	1.432
18	1.464
19	1.567
20	1.289
21	0.2925
22	0.3434
23	0.2548
24	0.5373
25	0.4911
26	0.6817
27	0.4575
28	0.2735
29	0.4404
30	0.4961
31	0.6538
32	0.6333
33	0.8235
34	0.773
35	0.7126
36	0.8292
37	0.7436
38	0.2124
39	0.1034
40	0.3247
41	0.3175
2	-0.5943
3	-0.06436
4	-0.8013
5	-0.5094
6	-0.7556
7	-0.5923
8	-0.761
9	-0.3338
10	0.0879
11	0.05691
12	-0.09131
13	0.07404
14	-0.3433
15	-0.1433
16	-0.5396
17	-0.3359
18	0.2107
19	0.4561
20	-0.2704
21	-1.364
22	-1.152
23	-0.8473
24	-0.524
25	-0.9238
26	-0.5738
27	-0.7048
28	-0.809
29	-0.5393
30	-0.336
31	-0.9739
32	-0.9512
33	-0.6135
34	-0.3975
35	-0.6936
36	-0.406
37	-0.355
38	-1.24
39	-1.128
40	-0.7406
41	-1.353
2	0.3383
3	0.4782
4	-0.09224
5	0.4543
6	0.1001
7	0.736
8	0.6088
9	0.4779
10	0.9951
11	1.041
12	1.236
13	0.6945
14	0.9284
15	0.9996
16	0.1917
17	1.05
18	1.116
19	0.437
20	0.7209
21	-0.2012
22	0.05732
23	0.1034
24	0.1635
25	-0.01317
26	0.2255
27	-0.02522
28	0.0896
29	0.1468
30	0.2675
31	0.212
32	0.1011
33	0.4335
34	0.1228
35	0.05416
36	0.5101
37	0.37
38	-0.06489
39	-0.4489
40	0.1946
41	-0.3347
2	0.4255
3	-0.5024
4	0.1218
5	-1.0
6	-0.07456
7	-0.6091
8	0.2235
9	-0.04546
10	-0.7956
11	-1.026
12	0.6033
13	0.8301
14	-0.5765
15	-1.089
16	-1.165
17	-1.093
18	0.3684
19	0.2758
20	-0.9598
21	-0.6463
22	-0.6868
23	-2.766
24	-0.3735
25	-0.2613
26	-0.9646
27	-0.1555
28	-0.8561
29	-0.2002
30	-0.7847
31	-1.621
32	-0.9819
33	-0.1288
34	-0.4186
35	-0.1235
36	0.2818
37	-1.073
38	-1.212
39	-1.381
40	-1.744
41	-0.1408
2	0.8469
3	1.013
4	0.4736
5	0.6242
6	1.124
7	1.033
8	1.166
9	1.168
10	1.38
11	1.57
12	1.645
13	1.527
14	1.231
15	1.464
16	1.095
17	1.43
18	1.636
19	1.632
20	1.648
21	0.1791
22	0.2117
23	0.316
24	0.6559
25	0.7223
26	0.7989
27	0.5667
28	0.2325
29	0.3399
30	0.575
31	0.8943
32	0.738
33	0.7702
34	0.8939
35	1.043
36	0.866
37	0.922
38	0.1486
39	0.1667
40	0.4728
41	0.2645
2	0.1264
3	-0.6137
4	0.09108
5	0.3168
6	-0.1252
7	0.3676
8	-0.04946
9	1.144
10	-0.1678
11	0.4138
12	0.4983
13	0.8654
14	0.3124
15	-0.05109
16	0.6202
17	-0.1242
18	0.3177
19	0.8528
20	-0.1273
21	-1.279
22	-0.3798
23	-0.1527
24	0.05085
25	-0.3827
26	0.3788
27	-0.306
28	-0.1467
29	-0.4863
30	-0.1817
31	-0.1651
32	0.104
33	-0.4567
34	-0.05977
35	-0.06384
36	-0.3687
37	0.5346
38	-0.441
39	-0.5235
40	0.07794
41	-0.1213
