alpha	1	400
b.london	401	800
b.male	801	1200
b.student	1201	1600
deviance	1601	2000
r[1]	2001	2400
r[2]	2401	2800
r[3]	2801	3200
r[4]	3201	3600
r[5]	3601	4000
r[6]	4001	4400
r[7]	4401	4800
r[8]	4801	5200
r[9]	5201	5600
r[10]	5601	6000
r[11]	6001	6400
r[12]	6401	6800
r[13]	6801	7200
r[14]	7201	7600
r[15]	7601	8000
r[16]	8001	8400
r[17]	8401	8800
r[18]	8801	9200
r[19]	9201	9600
r[20]	9601	10000
r[21]	10001	10400
r[22]	10401	10800
r[23]	10801	11200
r[24]	11201	11600
r[25]	11601	12000
r[26]	12001	12400
r[27]	12401	12800
r[28]	12801	13200
r[29]	13201	13600
r[30]	13601	14000
r[31]	14001	14400
r[32]	14401	14800
r[33]	14801	15200
r[34]	15201	15600
r[35]	15601	16000
r[36]	16001	16400
r[37]	16401	16800
r[38]	16801	17200
r[39]	17201	17600
r[40]	17601	18000
r[41]	18001	18400
r[42]	18401	18800
r[43]	18801	19200
r[44]	19201	19600
r[45]	19601	20000
r[46]	20001	20400
r[47]	20401	20800
r[48]	20801	21200
r[49]	21201	21600
r[50]	21601	22000
r[51]	22001	22400
r[52]	22401	22800
r[53]	22801	23200
r[54]	23201	23600
r[55]	23601	24000
r[56]	24001	24400
r[57]	24401	24800
r[58]	24801	25200
r[59]	25201	25600
r[60]	25601	26000
r[61]	26001	26400
r[62]	26401	26800
r[63]	26801	27200
r[64]	27201	27600
r[65]	27601	28000
r[66]	28001	28400
r[67]	28401	28800
r[68]	28801	29200
r[69]	29201	29600
r[70]	29601	30000
r[71]	30001	30400
r[72]	30401	30800
r[73]	30801	31200
r[74]	31201	31600
r[75]	31601	32000
r[76]	32001	32400
r[77]	32401	32800
r[78]	32801	33200
r[79]	33201	33600
r[80]	33601	34000
r[81]	34001	34400
r[82]	34401	34800
r[83]	34801	35200
r[84]	35201	35600
r[85]	35601	36000
r[86]	36001	36400
r[87]	36401	36800
r[88]	36801	37200
r[89]	37201	37600
r[90]	37601	38000
r[91]	38001	38400
r[92]	38401	38800
r[93]	38801	39200
r[94]	39201	39600
r[95]	39601	40000
r[96]	40001	40400
r[97]	40401	40800
r[98]	40801	41200
r[99]	41201	41600
r[100]	41601	42000
r[101]	42001	42400
r[102]	42401	42800
r[103]	42801	43200
r[104]	43201	43600
r[105]	43601	44000
r[106]	44001	44400
r[107]	44401	44800
r[108]	44801	45200
r[109]	45201	45600
r[110]	45601	46000
r[111]	46001	46400
r[112]	46401	46800
r[113]	46801	47200
r[114]	47201	47600
r[115]	47601	48000
r[116]	48001	48400
r[117]	48401	48800
r[118]	48801	49200
r[119]	49201	49600
r[120]	49601	50000
r[121]	50001	50400
r[122]	50401	50800
r[123]	50801	51200
r[124]	51201	51600
r[125]	51601	52000
r[126]	52001	52400
r[127]	52401	52800
r[128]	52801	53200
r[129]	53201	53600
r[130]	53601	54000
r[131]	54001	54400
r[132]	54401	54800
r[133]	54801	55200
r[134]	55201	55600
r[135]	55601	56000
r[136]	56001	56400
r[137]	56401	56800
r[138]	56801	57200
r[139]	57201	57600
r[140]	57601	58000
r[141]	58001	58400
r[142]	58401	58800
r[143]	58801	59200
r[144]	59201	59600
r[145]	59601	60000
r[146]	60001	60400
r[147]	60401	60800
r[148]	60801	61200
r[149]	61201	61600
r[150]	61601	62000
r[151]	62001	62400
r[152]	62401	62800
r[153]	62801	63200
r[154]	63201	63600
r[155]	63601	64000
r[156]	64001	64400
r[157]	64401	64800
r[158]	64801	65200
r[159]	65201	65600
r[160]	65601	66000
r[161]	66001	66400
r[162]	66401	66800
r[163]	66801	67200
r[164]	67201	67600
r[165]	67601	68000
r[166]	68001	68400
r[167]	68401	68800
r[168]	68801	69200
r[169]	69201	69600
r[170]	69601	70000
r[171]	70001	70400
r[172]	70401	70800
r[173]	70801	71200
r[174]	71201	71600
r[175]	71601	72000
r[176]	72001	72400
r[177]	72401	72800
r[178]	72801	73200
r[179]	73201	73600
r[180]	73601	74000
r[181]	74001	74400
r[182]	74401	74800
r[183]	74801	75200
r[184]	75201	75600
r[185]	75601	76000
r[186]	76001	76400
r[187]	76401	76800
r[188]	76801	77200
r[189]	77201	77600
r[190]	77601	78000
r[191]	78001	78400
r[192]	78401	78800
r[193]	78801	79200
r[194]	79201	79600
r[195]	79601	80000
r[196]	80001	80400
r[197]	80401	80800
r[198]	80801	81200
r[199]	81201	81600
r[200]	81601	82000
r[201]	82001	82400
r[202]	82401	82800
r[203]	82801	83200
r[204]	83201	83600
r[205]	83601	84000
r[206]	84001	84400
r[207]	84401	84800
r[208]	84801	85200
r[209]	85201	85600
r[210]	85601	86000
r[211]	86001	86400
r[212]	86401	86800
r[213]	86801	87200
r[214]	87201	87600
r[215]	87601	88000
r[216]	88001	88400
r[217]	88401	88800
r[218]	88801	89200
r[219]	89201	89600
r[220]	89601	90000
r[221]	90001	90400
r[222]	90401	90800
r[223]	90801	91200
r[224]	91201	91600
r[225]	91601	92000
r[226]	92001	92400
r[227]	92401	92800
r[228]	92801	93200
r[229]	93201	93600
r[230]	93601	94000
r[231]	94001	94400
r[232]	94401	94800
r[233]	94801	95200
r[234]	95201	95600
r[235]	95601	96000
r[236]	96001	96400
r[237]	96401	96800
r[238]	96801	97200
r[239]	97201	97600
r[240]	97601	98000
r[241]	98001	98400
r[242]	98401	98800
r[243]	98801	99200
r[244]	99201	99600
r[245]	99601	100000
r[246]	100001	100400
r[247]	100401	100800
r[248]	100801	101200
r[249]	101201	101600
r[250]	101601	102000
r[251]	102001	102400
r[252]	102401	102800
r[253]	102801	103200
r[254]	103201	103600
r[255]	103601	104000
r[256]	104001	104400
r[257]	104401	104800
r[258]	104801	105200
r[259]	105201	105600
r[260]	105601	106000
r[261]	106001	106400
r[262]	106401	106800
r[263]	106801	107200
r[264]	107201	107600
r[265]	107601	108000
r[266]	108001	108400
r[267]	108401	108800
r[268]	108801	109200
r[269]	109201	109600
r[270]	109601	110000
r[271]	110001	110400
r[272]	110401	110800
r[273]	110801	111200
r[274]	111201	111600
r[275]	111601	112000
r[276]	112001	112400
r[277]	112401	112800
r[278]	112801	113200
r[279]	113201	113600
r[280]	113601	114000
r[281]	114001	114400
r[282]	114401	114800
r[283]	114801	115200
r[284]	115201	115600
r[285]	115601	116000
r[286]	116001	116400
r[287]	116401	116800
r[288]	116801	117200
r[289]	117201	117600
r[290]	117601	118000
r[291]	118001	118400
r[292]	118401	118800
r[293]	118801	119200
r[294]	119201	119600
r[295]	119601	120000
r[296]	120001	120400
r[297]	120401	120800
r[298]	120801	121200
r[299]	121201	121600
r[300]	121601	122000
r[301]	122001	122400
r[302]	122401	122800
r[303]	122801	123200
r[304]	123201	123600
r[305]	123601	124000
r[306]	124001	124400
r[307]	124401	124800
r[308]	124801	125200
r[309]	125201	125600
r[310]	125601	126000
r[311]	126001	126400
r[312]	126401	126800
tau.age	126801	127200
tau.b	127201	127600
tau.ethngrp	127601	128000
tau.la	128001	128400
tau.ons	128401	128800
u[1]	128801	129200
u[2]	129201	129600
u[3]	129601	130000
u[4]	130001	130400
u[5]	130401	130800
u[6]	130801	131200
v[1]	131201	131600
v[2]	131601	132000
v[3]	132001	132400
v[4]	132401	132800
v[5]	132801	133200
v[6]	133201	133600
v[7]	133601	134000
v[8]	134001	134400
v[9]	134401	134800
v[10]	134801	135200
v[11]	135201	135600
v[12]	135601	136000
v[13]	136001	136400
v[14]	136401	136800
v[15]	136801	137200
v[16]	137201	137600
v[17]	137601	138000
v[18]	138001	138400
v[19]	138401	138800
v[20]	138801	139200
v[21]	139201	139600
v[22]	139601	140000
v[23]	140001	140400
v[24]	140401	140800
v[25]	140801	141200
v[26]	141201	141600
v[27]	141601	142000
v[28]	142001	142400
v[29]	142401	142800
w[1]	142801	143200
w[2]	143201	143600
w[3]	143601	144000
w[4]	144001	144400
w[5]	144401	144800
w[6]	144801	145200
