alpha	1	48
b.male	49	96
b.student	97	144
deviance	145	192
r[1]	193	240
r[2]	241	288
r[3]	289	336
r[4]	337	384
r[5]	385	432
r[6]	433	480
r[7]	481	528
r[8]	529	576
r[9]	577	624
r[10]	625	672
r[11]	673	720
r[12]	721	768
r[13]	769	816
r[14]	817	864
r[15]	865	912
r[16]	913	960
r[17]	961	1008
r[18]	1009	1056
r[19]	1057	1104
r[20]	1105	1152
r[21]	1153	1200
r[22]	1201	1248
r[23]	1249	1296
r[24]	1297	1344
r[25]	1345	1392
r[26]	1393	1440
r[27]	1441	1488
r[28]	1489	1536
r[29]	1537	1584
r[30]	1585	1632
r[31]	1633	1680
r[32]	1681	1728
r[33]	1729	1776
r[34]	1777	1824
r[35]	1825	1872
r[36]	1873	1920
r[37]	1921	1968
r[38]	1969	2016
r[39]	2017	2064
r[40]	2065	2112
r[41]	2113	2160
r[42]	2161	2208
r[43]	2209	2256
r[44]	2257	2304
r[45]	2305	2352
r[46]	2353	2400
r[47]	2401	2448
r[48]	2449	2496
r[49]	2497	2544
r[50]	2545	2592
r[51]	2593	2640
r[52]	2641	2688
r[53]	2689	2736
r[54]	2737	2784
r[55]	2785	2832
r[56]	2833	2880
r[57]	2881	2928
r[58]	2929	2976
r[59]	2977	3024
r[60]	3025	3072
r[61]	3073	3120
r[62]	3121	3168
r[63]	3169	3216
r[64]	3217	3264
r[65]	3265	3312
r[66]	3313	3360
r[67]	3361	3408
r[68]	3409	3456
r[69]	3457	3504
r[70]	3505	3552
r[71]	3553	3600
r[72]	3601	3648
r[73]	3649	3696
r[74]	3697	3744
r[75]	3745	3792
r[76]	3793	3840
r[77]	3841	3888
r[78]	3889	3936
r[79]	3937	3984
r[80]	3985	4032
r[81]	4033	4080
r[82]	4081	4128
r[83]	4129	4176
r[84]	4177	4224
r[85]	4225	4272
r[86]	4273	4320
r[87]	4321	4368
r[88]	4369	4416
r[89]	4417	4464
r[90]	4465	4512
r[91]	4513	4560
r[92]	4561	4608
r[93]	4609	4656
r[94]	4657	4704
r[95]	4705	4752
r[96]	4753	4800
r[97]	4801	4848
r[98]	4849	4896
r[99]	4897	4944
r[100]	4945	4992
r[101]	4993	5040
r[102]	5041	5088
r[103]	5089	5136
r[104]	5137	5184
r[105]	5185	5232
r[106]	5233	5280
r[107]	5281	5328
r[108]	5329	5376
r[109]	5377	5424
r[110]	5425	5472
r[111]	5473	5520
r[112]	5521	5568
r[113]	5569	5616
r[114]	5617	5664
r[115]	5665	5712
r[116]	5713	5760
r[117]	5761	5808
r[118]	5809	5856
r[119]	5857	5904
r[120]	5905	5952
r[121]	5953	6000
r[122]	6001	6048
r[123]	6049	6096
r[124]	6097	6144
r[125]	6145	6192
r[126]	6193	6240
r[127]	6241	6288
r[128]	6289	6336
r[129]	6337	6384
r[130]	6385	6432
r[131]	6433	6480
r[132]	6481	6528
r[133]	6529	6576
r[134]	6577	6624
r[135]	6625	6672
r[136]	6673	6720
r[137]	6721	6768
r[138]	6769	6816
r[139]	6817	6864
r[140]	6865	6912
r[141]	6913	6960
r[142]	6961	7008
r[143]	7009	7056
r[144]	7057	7104
r[145]	7105	7152
r[146]	7153	7200
r[147]	7201	7248
r[148]	7249	7296
r[149]	7297	7344
r[150]	7345	7392
r[151]	7393	7440
r[152]	7441	7488
r[153]	7489	7536
r[154]	7537	7584
r[155]	7585	7632
r[156]	7633	7680
r[157]	7681	7728
r[158]	7729	7776
r[159]	7777	7824
r[160]	7825	7872
r[161]	7873	7920
r[162]	7921	7968
r[163]	7969	8016
r[164]	8017	8064
r[165]	8065	8112
r[166]	8113	8160
r[167]	8161	8208
r[168]	8209	8256
r[169]	8257	8304
r[170]	8305	8352
r[171]	8353	8400
r[172]	8401	8448
r[173]	8449	8496
r[174]	8497	8544
r[175]	8545	8592
r[176]	8593	8640
r[177]	8641	8688
r[178]	8689	8736
r[179]	8737	8784
r[180]	8785	8832
r[181]	8833	8880
r[182]	8881	8928
r[183]	8929	8976
r[184]	8977	9024
r[185]	9025	9072
r[186]	9073	9120
r[187]	9121	9168
r[188]	9169	9216
r[189]	9217	9264
r[190]	9265	9312
r[191]	9313	9360
r[192]	9361	9408
r[193]	9409	9456
r[194]	9457	9504
r[195]	9505	9552
r[196]	9553	9600
r[197]	9601	9648
r[198]	9649	9696
r[199]	9697	9744
r[200]	9745	9792
r[201]	9793	9840
r[202]	9841	9888
r[203]	9889	9936
r[204]	9937	9984
r[205]	9985	10032
r[206]	10033	10080
r[207]	10081	10128
r[208]	10129	10176
r[209]	10177	10224
r[210]	10225	10272
r[211]	10273	10320
r[212]	10321	10368
r[213]	10369	10416
r[214]	10417	10464
r[215]	10465	10512
r[216]	10513	10560
r[217]	10561	10608
r[218]	10609	10656
r[219]	10657	10704
r[220]	10705	10752
r[221]	10753	10800
r[222]	10801	10848
r[223]	10849	10896
r[224]	10897	10944
r[225]	10945	10992
r[226]	10993	11040
r[227]	11041	11088
r[228]	11089	11136
r[229]	11137	11184
r[230]	11185	11232
r[231]	11233	11280
r[232]	11281	11328
r[233]	11329	11376
r[234]	11377	11424
r[235]	11425	11472
r[236]	11473	11520
r[237]	11521	11568
r[238]	11569	11616
r[239]	11617	11664
r[240]	11665	11712
r[241]	11713	11760
r[242]	11761	11808
r[243]	11809	11856
r[244]	11857	11904
r[245]	11905	11952
r[246]	11953	12000
r[247]	12001	12048
r[248]	12049	12096
r[249]	12097	12144
r[250]	12145	12192
r[251]	12193	12240
r[252]	12241	12288
r[253]	12289	12336
r[254]	12337	12384
r[255]	12385	12432
r[256]	12433	12480
r[257]	12481	12528
r[258]	12529	12576
r[259]	12577	12624
r[260]	12625	12672
r[261]	12673	12720
r[262]	12721	12768
r[263]	12769	12816
r[264]	12817	12864
r[265]	12865	12912
r[266]	12913	12960
r[267]	12961	13008
r[268]	13009	13056
r[269]	13057	13104
r[270]	13105	13152
r[271]	13153	13200
r[272]	13201	13248
r[273]	13249	13296
r[274]	13297	13344
r[275]	13345	13392
r[276]	13393	13440
r[277]	13441	13488
r[278]	13489	13536
r[279]	13537	13584
r[280]	13585	13632
r[281]	13633	13680
r[282]	13681	13728
r[283]	13729	13776
r[284]	13777	13824
r[285]	13825	13872
r[286]	13873	13920
r[287]	13921	13968
r[288]	13969	14016
r[289]	14017	14064
r[290]	14065	14112
r[291]	14113	14160
r[292]	14161	14208
r[293]	14209	14256
r[294]	14257	14304
r[295]	14305	14352
r[296]	14353	14400
r[297]	14401	14448
r[298]	14449	14496
r[299]	14497	14544
r[300]	14545	14592
r[301]	14593	14640
r[302]	14641	14688
r[303]	14689	14736
r[304]	14737	14784
r[305]	14785	14832
r[306]	14833	14880
r[307]	14881	14928
r[308]	14929	14976
r[309]	14977	15024
r[310]	15025	15072
r[311]	15073	15120
r[312]	15121	15168
r[313]	15169	15216
r[314]	15217	15264
r[315]	15265	15312
r[316]	15313	15360
tau.age	15361	15408
tau.ethngrp	15409	15456
tau.la	15457	15504
v[1]	15505	15552
v[2]	15553	15600
v[3]	15601	15648
v[4]	15649	15696
v[5]	15697	15744
v[6]	15745	15792
v[7]	15793	15840
v[8]	15841	15888
v[9]	15889	15936
v[10]	15937	15984
v[11]	15985	16032
v[12]	16033	16080
v[13]	16081	16128
v[14]	16129	16176
v[15]	16177	16224
v[16]	16225	16272
v[17]	16273	16320
v[18]	16321	16368
v[19]	16369	16416
v[20]	16417	16464
v[21]	16465	16512
v[22]	16513	16560
v[23]	16561	16608
v[24]	16609	16656
v[25]	16657	16704
v[26]	16705	16752
v[27]	16753	16800
v[28]	16801	16848
v[29]	16849	16896
v[30]	16897	16944
v[31]	16945	16992
v[32]	16993	17040
v[33]	17041	17088
v[34]	17089	17136
v[35]	17137	17184
v[36]	17185	17232
v[37]	17233	17280
v[38]	17281	17328
v[39]	17329	17376
v[40]	17377	17424
v[41]	17425	17472
v[42]	17473	17520
v[43]	17521	17568
v[44]	17569	17616
v[45]	17617	17664
v[46]	17665	17712
v[47]	17713	17760
v[48]	17761	17808
v[49]	17809	17856
v[50]	17857	17904
v[51]	17905	17952
v[52]	17953	18000
v[53]	18001	18048
v[54]	18049	18096
v[55]	18097	18144
v[56]	18145	18192
v[57]	18193	18240
v[58]	18241	18288
v[59]	18289	18336
w[1]	18337	18384
w[2]	18385	18432
w[3]	18433	18480
w[4]	18481	18528
w[5]	18529	18576
w[6]	18577	18624
