101	2.503
102	2.453
103	2.402
104	2.414
105	2.475
106	2.441
107	2.536
108	2.59
109	2.577
110	2.636
111	2.64
112	2.601
113	2.633
114	2.57
115	2.578
116	2.646
117	2.626
118	2.603
119	2.635
120	2.654
121	2.588
122	2.582
123	2.594
124	2.743
125	2.922
126	2.925
127	2.935
128	2.962
129	2.952
130	2.818
131	2.876
132	2.8
133	2.797
134	2.75
135	2.772
136	2.699
137	2.633
138	2.716
139	2.688
140	2.705
141	2.773
142	2.738
143	2.775
144	2.715
145	2.726
146	2.693
147	2.721
148	2.707
149	2.758
150	2.585
151	2.591
152	2.554
153	2.555
154	2.539
155	2.636
156	2.615
157	2.671
158	2.707
159	2.707
160	2.735
161	2.711
162	2.688
163	2.703
164	2.694
165	2.736
166	2.734
167	2.634
168	2.555
169	2.6
170	2.618
171	2.677
172	2.62
173	2.678
174	2.738
175	2.775
176	2.853
177	2.753
178	2.694
179	2.676
180	2.67
181	2.75
182	2.736
183	2.608
184	2.62
185	2.566
186	2.481
187	2.485
188	2.416
189	2.474
190	2.57
191	2.556
192	2.52
193	2.552
194	2.561
195	2.568
196	2.6
197	2.593
198	2.63
199	2.652
200	2.563
201	2.526
202	2.526
203	2.47
204	2.425
205	2.421
206	2.464
207	2.443
208	2.441
209	2.441
210	2.463
211	2.49
212	2.431
213	2.462
214	2.453
215	2.408
216	2.367
217	2.368
218	2.361
219	2.356
220	2.347
221	2.356
222	2.332
223	2.339
224	2.328
225	2.308
226	2.303
227	2.306
228	2.344
229	2.468
230	2.545
231	2.51
232	2.467
233	2.367
234	2.361
235	2.33
236	2.263
237	2.278
238	2.25
239	2.247
240	2.31
241	2.316
242	2.383
243	2.415
244	2.447
245	2.492
246	2.483
247	2.399
248	2.36
249	2.385
250	2.325
251	2.289
252	2.428
253	2.479
254	2.498
255	2.445
256	2.499
257	2.491
258	2.563
259	2.545
260	2.618
261	2.625
262	2.594
263	2.522
264	2.616
265	2.711
266	2.711
267	2.688
268	2.725
269	2.66
270	2.636
271	2.576
272	2.566
273	2.557
274	2.546
275	2.537
276	2.627
277	2.652
278	2.652
279	2.679
280	2.72
281	2.648
282	2.676
283	2.644
284	2.68
285	2.661
286	2.626
287	2.7
288	2.754
289	2.732
290	2.728
291	2.693
292	2.747
293	2.637
294	2.664
295	2.685
296	2.723
297	2.772
298	2.883
299	2.867
300	2.854
301	2.92
302	2.932
303	2.87
304	2.829
305	2.775
306	2.795
307	2.805
308	2.73
309	2.596
310	2.601
311	2.558
312	2.54
313	2.587
314	2.636
315	2.695
316	2.675
317	2.646
318	2.56
319	2.584
320	2.536
321	2.627
322	2.674
323	2.748
324	2.689
325	2.637
326	2.582
327	2.563
328	2.501
329	2.48
330	2.578
331	2.553
332	2.604
333	2.585
334	2.584
335	2.577
336	2.515
337	2.51
338	2.568
339	2.657
340	2.613
341	2.657
342	2.578
343	2.514
344	2.661
345	2.659
346	2.705
347	2.724
348	2.749
349	2.762
350	2.757
351	2.757
352	2.793
353	2.648
354	2.61
355	2.599
356	2.6
357	2.62
358	2.673
359	2.646
360	2.647
361	2.626
362	2.59
363	2.655
364	2.634
365	2.646
366	2.661
367	2.612
368	2.545
369	2.577
370	2.601
371	2.602
372	2.6
373	2.577
374	2.672
375	2.623
376	2.693
377	2.609
378	2.538
379	2.597
380	2.547
381	2.517
382	2.504
383	2.575
384	2.541
385	2.55
386	2.628
387	2.708
388	2.736
389	2.697
390	2.653
391	2.591
392	2.628
393	2.656
394	2.614
395	2.637
396	2.667
397	2.643
398	2.569
399	2.564
400	2.586
401	2.613
402	2.637
403	2.614
404	2.636
405	2.61
406	2.616
407	2.624
408	2.525
409	2.521
410	2.489
411	2.479
412	2.44
413	2.458
414	2.476
415	2.407
416	2.467
417	2.431
418	2.503
419	2.51
420	2.492
421	2.38
422	2.413
423	2.41
424	2.373
425	2.404
426	2.549
427	2.523
428	2.479
429	2.545
430	2.475
431	2.437
432	2.433
433	2.412
434	2.419
435	2.461
436	2.477
437	2.455
438	2.399
439	2.484
440	2.393
441	2.453
442	2.49
443	2.504
444	2.466
445	2.538
446	2.596
447	2.579
448	2.553
449	2.574
450	2.592
451	2.598
452	2.644
453	2.62
454	2.624
455	2.547
456	2.568
457	2.672
458	2.601
459	2.539
460	2.622
461	2.61
462	2.622
463	2.616
464	2.541
465	2.568
466	2.504
467	2.419
468	2.44
469	2.431
470	2.384
471	2.404
472	2.363
473	2.308
474	2.283
475	2.255
476	2.278
477	2.283
478	2.463
479	2.446
480	2.435
481	2.447
482	2.443
483	2.506
484	2.602
485	2.639
486	2.572
487	2.49
488	2.484
489	2.426
490	2.351
491	2.351
492	2.392
493	2.413
494	2.428
495	2.463
496	2.434
497	2.434
498	2.439
499	2.446
500	2.411
501	2.397
502	2.422
503	2.435
504	2.464
505	2.415
506	2.449
507	2.527
508	2.552
509	2.504
510	2.518
511	2.528
512	2.554
513	2.515
514	2.491
515	2.499
516	2.553
517	2.628
518	2.666
519	2.592
520	2.603
521	2.635
522	2.572
523	2.519
524	2.485
525	2.456
526	2.469
527	2.463
528	2.384
529	2.442
530	2.472
531	2.484
532	2.405
533	2.464
534	2.585
535	2.576
536	2.464
537	2.513
538	2.587
539	2.528
540	2.561
541	2.608
542	2.636
543	2.714
544	2.707
545	2.753
546	2.707
547	2.551
548	2.572
549	2.626
550	2.687
551	2.679
552	2.735
553	2.667
554	2.705
555	2.618
556	2.617
557	2.543
558	2.506
559	2.53
560	2.518
561	2.454
562	2.442
563	2.502
564	2.616
565	2.603
566	2.573
567	2.615
568	2.666
569	2.658
570	2.654
571	2.585
572	2.568
573	2.463
574	2.502
575	2.622
576	2.55
577	2.506
578	2.577
579	2.606
580	2.606
581	2.639
582	2.632
583	2.684
584	2.642
585	2.668
586	2.748
587	2.637
588	2.615
589	2.633
590	2.652
591	2.659
592	2.631
593	2.579
594	2.641
595	2.692
596	2.725
597	2.735
598	2.656
599	2.676
600	2.651
101	-0.1129
102	-0.1093
103	-0.1078
104	-0.1069
105	-0.1072
106	-0.1072
107	-0.1095
108	-0.11
109	-0.1124
110	-0.1107
111	-0.1148
112	-0.1164
113	-0.1169
114	-0.1143
115	-0.1132
116	-0.1155
117	-0.1159
118	-0.1131
119	-0.1135
120	-0.1146
121	-0.1147
122	-0.114
123	-0.116
124	-0.1203
125	-0.1234
126	-0.1226
127	-0.1233
128	-0.1246
129	-0.121
130	-0.122
131	-0.122
132	-0.1199
133	-0.1208
134	-0.12
135	-0.1223
136	-0.1227
137	-0.1185
138	-0.1192
139	-0.1195
140	-0.1202
141	-0.1203
142	-0.1172
143	-0.1175
144	-0.1187
145	-0.1177
146	-0.118
147	-0.1154
148	-0.1165
149	-0.1158
150	-0.1149
151	-0.1142
152	-0.1129
153	-0.1135
154	-0.1146
155	-0.1156
156	-0.1173
157	-0.1191
158	-0.1195
159	-0.1168
160	-0.1181
161	-0.1167
162	-0.1151
163	-0.1165
164	-0.1174
165	-0.1181
166	-0.1188
167	-0.1159
168	-0.1166
169	-0.1178
170	-0.1158
171	-0.1162
172	-0.1152
173	-0.1147
174	-0.1146
175	-0.1184
176	-0.1192
177	-0.1192
178	-0.1161
179	-0.1159
180	-0.1168
181	-0.1199
182	-0.121
183	-0.1202
184	-0.1197
185	-0.1168
186	-0.1135
187	-0.1128
188	-0.1125
189	-0.1138
190	-0.1145
191	-0.114
192	-0.1149
193	-0.117
194	-0.1168
195	-0.1157
196	-0.1204
197	-0.1184
198	-0.1178
199	-0.1186
200	-0.1154
201	-0.1177
202	-0.1148
203	-0.1165
204	-0.1118
205	-0.1099
206	-0.1111
207	-0.1113
208	-0.1112
209	-0.1141
210	-0.1155
211	-0.1129
212	-0.1094
213	-0.1127
214	-0.1135
215	-0.1148
216	-0.112
217	-0.1106
218	-0.1109
219	-0.1105
220	-0.1092
221	-0.1116
222	-0.1087
223	-0.1079
224	-0.11
225	-0.1088
226	-0.1112
227	-0.1117
228	-0.1105
229	-0.1133
230	-0.1136
231	-0.1155
232	-0.1125
233	-0.1145
234	-0.1139
235	-0.1146
236	-0.1144
237	-0.1114
238	-0.1093
239	-0.1093
240	-0.1121
241	-0.1125
242	-0.111
243	-0.1103
244	-0.1138
245	-0.1148
246	-0.116
247	-0.1159
248	-0.1101
249	-0.1087
250	-0.1095
251	-0.1119
252	-0.1153
253	-0.1148
254	-0.1127
255	-0.1128
256	-0.1137
257	-0.1129
258	-0.1118
259	-0.1146
260	-0.1171
261	-0.1176
262	-0.1161
263	-0.112
264	-0.116
265	-0.1186
266	-0.1162
267	-0.1192
268	-0.1132
269	-0.1124
270	-0.1114
271	-0.1095
272	-0.1094
273	-0.1102
274	-0.1124
275	-0.112
276	-0.1125
277	-0.1112
278	-0.1135
279	-0.1158
280	-0.1151
281	-0.1168
282	-0.1147
283	-0.1138
284	-0.1133
285	-0.1165
286	-0.1157
287	-0.1166
288	-0.1188
289	-0.1176
290	-0.1157
291	-0.1154
292	-0.1197
293	-0.1183
294	-0.1169
295	-0.1157
296	-0.1169
297	-0.1188
298	-0.1219
299	-0.1213
300	-0.1212
301	-0.122
302	-0.1197
303	-0.1202
304	-0.1223
305	-0.1236
306	-0.1201
307	-0.1195
308	-0.1158
309	-0.1179
310	-0.1163
311	-0.1148
312	-0.1165
313	-0.1158
314	-0.118
315	-0.1168
316	-0.1162
317	-0.1171
318	-0.1177
319	-0.1166
320	-0.1133
321	-0.1143
322	-0.1157
323	-0.1161
324	-0.1146
325	-0.1164
326	-0.1189
327	-0.1177
328	-0.1151
329	-0.1144
330	-0.1164
331	-0.1155
332	-0.1159
333	-0.1184
334	-0.1176
335	-0.116
336	-0.1152
337	-0.1103
338	-0.1108
339	-0.1142
340	-0.12
341	-0.1169
342	-0.1146
343	-0.1158
344	-0.1158
345	-0.1135
346	-0.1156
347	-0.1157
348	-0.1158
349	-0.1185
350	-0.119
351	-0.1172
352	-0.119
353	-0.1173
354	-0.1161
355	-0.1168
356	-0.1142
357	-0.1151
358	-0.1159
359	-0.115
360	-0.1179
361	-0.1147
362	-0.1133
363	-0.1161
364	-0.1156
365	-0.1182
366	-0.1217
367	-0.1197
368	-0.1198
369	-0.1181
370	-0.1185
371	-0.1157
372	-0.1145
373	-0.1154
374	-0.1159
375	-0.1155
376	-0.1158
377	-0.1126
378	-0.1125
379	-0.1137
380	-0.1109
381	-0.1131
382	-0.1144
383	-0.116
384	-0.1135
385	-0.1149
386	-0.1174
387	-0.1179
388	-0.1209
389	-0.1211
390	-0.1195
391	-0.1209
392	-0.1192
393	-0.1199
394	-0.1178
395	-0.1153
396	-0.1181
397	-0.1158
398	-0.1123
399	-0.1118
400	-0.1117
401	-0.1135
402	-0.1165
403	-0.116
404	-0.116
405	-0.1147
406	-0.1139
407	-0.1156
408	-0.1142
409	-0.1166
410	-0.1171
411	-0.1166
412	-0.1138
413	-0.1143
414	-0.1121
415	-0.1088
416	-0.1107
417	-0.1135
418	-0.1131
419	-0.1138
420	-0.1146
421	-0.1127
422	-0.1121
423	-0.1114
424	-0.1104
425	-0.1096
426	-0.1125
427	-0.1097
428	-0.1109
429	-0.1131
430	-0.1127
431	-0.1141
432	-0.1137
433	-0.1114
434	-0.1147
435	-0.1163
436	-0.1163
437	-0.1173
438	-0.1126
439	-0.1151
440	-0.113
441	-0.1132
442	-0.1128
443	-0.1112
444	-0.1138
445	-0.117
446	-0.1196
447	-0.1163
448	-0.1139
449	-0.1162
450	-0.1149
451	-0.1124
452	-0.1139
453	-0.1155
454	-0.113
455	-0.1141
456	-0.1157
457	-0.1163
458	-0.1156
459	-0.115
460	-0.1156
461	-0.1148
462	-0.117
463	-0.1195
464	-0.1172
465	-0.1169
466	-0.1134
467	-0.1146
468	-0.114
469	-0.1124
470	-0.1112
471	-0.1102
472	-0.1086
473	-0.1085
474	-0.1084
475	-0.1049
476	-0.1057
477	-0.1086
478	-0.1098
479	-0.1089
480	-0.1083
481	-0.1095
482	-0.1102
483	-0.1101
484	-0.115
485	-0.117
486	-0.116
487	-0.1138
488	-0.1128
489	-0.1108
490	-0.1106
491	-0.1112
492	-0.1126
493	-0.1119
494	-0.1116
495	-0.1112
496	-0.1114
497	-0.1122
498	-0.1109
499	-0.1116
500	-0.1116
501	-0.1119
502	-0.1105
503	-0.1125
504	-0.115
505	-0.1122
506	-0.1129
507	-0.1127
508	-0.1117
509	-0.1141
510	-0.1128
511	-0.1139
512	-0.1168
513	-0.114
514	-0.115
515	-0.1124
516	-0.1134
517	-0.1186
518	-0.1206
519	-0.1198
520	-0.1197
521	-0.121
522	-0.1187
523	-0.1172
524	-0.1164
525	-0.1141
526	-0.1111
527	-0.1115
528	-0.114
529	-0.1122
530	-0.1123
531	-0.1098
532	-0.1092
533	-0.1092
534	-0.1135
535	-0.112
536	-0.1068
537	-0.1081
538	-0.1112
539	-0.114
540	-0.1143
541	-0.1165
542	-0.1166
543	-0.1193
544	-0.1171
545	-0.1182
546	-0.1166
547	-0.1159
548	-0.1166
549	-0.1189
550	-0.1167
551	-0.1162
552	-0.1195
553	-0.1183
554	-0.1185
555	-0.1167
556	-0.1172
557	-0.1165
558	-0.1166
559	-0.1179
560	-0.1144
561	-0.1126
562	-0.1112
563	-0.1144
564	-0.1159
565	-0.1166
566	-0.1145
567	-0.1177
568	-0.1166
569	-0.1167
570	-0.117
571	-0.1147
572	-0.1151
573	-0.112
574	-0.1141
575	-0.1156
576	-0.1145
577	-0.1172
578	-0.1196
579	-0.1194
580	-0.1171
581	-0.1179
582	-0.1203
583	-0.1189
584	-0.1174
585	-0.1188
586	-0.1191
587	-0.1185
588	-0.1176
589	-0.119
590	-0.1204
591	-0.1162
592	-0.1161
593	-0.115
594	-0.1137
595	-0.1155
596	-0.1192
597	-0.1164
598	-0.1165
599	-0.1159
600	-0.117
101	-0.5726
102	-0.6264
103	-0.5802
104	-0.6651
105	-0.6736
106	-0.6566
107	-0.6964
108	-0.715
109	-0.6994
110	-0.7228
111	-0.6791
112	-0.5973
113	-0.6339
114	-0.6277
115	-0.662
116	-0.6521
117	-0.6304
118	-0.6487
119	-0.6708
120	-0.6724
121	-0.6017
122	-0.6556
123	-0.619
124	-0.6525
125	-0.6992
126	-0.7023
127	-0.7278
128	-0.7141
129	-0.722
130	-0.6631
131	-0.6509
132	-0.6589
133	-0.6341
134	-0.645
135	-0.6638
136	-0.5259
137	-0.5612
138	-0.6318
139	-0.619
140	-0.601
141	-0.6639
142	-0.6516
143	-0.7031
144	-0.6684
145	-0.6892
146	-0.6675
147	-0.6843
148	-0.6956
149	-0.6808
150	-0.6214
151	-0.6231
152	-0.6213
153	-0.6273
154	-0.6194
155	-0.6338
156	-0.6143
157	-0.6286
158	-0.609
159	-0.6471
160	-0.6592
161	-0.6552
162	-0.6803
163	-0.6807
164	-0.662
165	-0.655
166	-0.6116
167	-0.5846
168	-0.555
169	-0.5547
170	-0.6375
171	-0.6508
172	-0.6635
173	-0.7186
174	-0.725
175	-0.7134
176	-0.6948
177	-0.6358
178	-0.658
179	-0.7061
180	-0.6708
181	-0.6315
182	-0.6054
183	-0.542
184	-0.4988
185	-0.5537
186	-0.5671
187	-0.5822
188	-0.5487
189	-0.5928
190	-0.5922
191	-0.5951
192	-0.5805
193	-0.5589
194	-0.5693
195	-0.5591
196	-0.5484
197	-0.5472
198	-0.5788
199	-0.5821
200	-0.5429
201	-0.5509
202	-0.5068
203	-0.5268
204	-0.5419
205	-0.6086
206	-0.5931
207	-0.589
208	-0.5681
209	-0.5369
210	-0.505
211	-0.5713
212	-0.607
213	-0.5764
214	-0.5373
215	-0.4879
216	-0.5016
217	-0.542
218	-0.5409
219	-0.5254
220	-0.5454
221	-0.5233
222	-0.5713
223	-0.538
224	-0.5271
225	-0.5464
226	-0.4795
227	-0.4873
228	-0.5265
229	-0.5982
230	-0.5935
231	-0.5457
232	-0.5377
233	-0.4773
234	-0.4848
235	-0.4609
236	-0.3872
237	-0.4421
238	-0.4765
239	-0.496
240	-0.4566
241	-0.4878
242	-0.5704
243	-0.5602
244	-0.5604
245	-0.5599
246	-0.5052
247	-0.4834
248	-0.5281
249	-0.5863
250	-0.5457
251	-0.47
252	-0.5218
253	-0.5344
254	-0.5564
255	-0.5488
256	-0.5582
257	-0.5872
258	-0.6341
259	-0.6102
260	-0.5936
261	-0.5837
262	-0.563
263	-0.6351
264	-0.6252
265	-0.6424
266	-0.6785
267	-0.6349
268	-0.7088
269	-0.695
270	-0.6917
271	-0.6999
272	-0.7147
273	-0.7064
274	-0.6436
275	-0.6208
276	-0.7065
277	-0.7408
278	-0.6919
279	-0.6692
280	-0.6677
281	-0.6129
282	-0.6736
283	-0.6664
284	-0.7113
285	-0.6796
286	-0.6552
287	-0.6849
288	-0.6624
289	-0.6846
290	-0.7049
291	-0.6947
292	-0.6225
293	-0.5953
294	-0.6249
295	-0.673
296	-0.6668
297	-0.689
298	-0.7191
299	-0.6803
300	-0.6889
301	-0.7339
302	-0.7586
303	-0.7383
304	-0.6495
305	-0.6121
306	-0.6473
307	-0.6925
308	-0.6641
309	-0.5742
310	-0.5907
311	-0.564
312	-0.5763
313	-0.5997
314	-0.5855
315	-0.6493
316	-0.6398
317	-0.5911
318	-0.5444
319	-0.5777
320	-0.6069
321	-0.6767
322	-0.6408
323	-0.7045
324	-0.6534
325	-0.6019
326	-0.557
327	-0.553
328	-0.5372
329	-0.5674
330	-0.6005
331	-0.5896
332	-0.6065
333	-0.5708
334	-0.5542
335	-0.5898
336	-0.5617
337	-0.6641
338	-0.6944
339	-0.6949
340	-0.5644
341	-0.5927
342	-0.5967
343	-0.5679
344	-0.6526
345	-0.6928
346	-0.7063
347	-0.7001
348	-0.7079
349	-0.6816
350	-0.6787
351	-0.6995
352	-0.6791
353	-0.617
354	-0.6016
355	-0.6013
356	-0.6371
357	-0.6343
358	-0.6355
359	-0.6223
360	-0.6259
361	-0.6361
362	-0.6264
363	-0.6579
364	-0.6405
365	-0.6199
366	-0.5491
367	-0.5522
368	-0.5144
369	-0.5475
370	-0.58
371	-0.6263
372	-0.6404
373	-0.6099
374	-0.6417
375	-0.6177
376	-0.6635
377	-0.6625
378	-0.6401
379	-0.6482
380	-0.6457
381	-0.6306
382	-0.5793
383	-0.5889
384	-0.5921
385	-0.5896
386	-0.6001
387	-0.6421
388	-0.628
389	-0.5684
390	-0.5433
391	-0.5294
392	-0.5678
393	-0.5596
394	-0.566
395	-0.635
396	-0.6165
397	-0.6462
398	-0.6401
399	-0.6442
400	-0.6777
401	-0.6614
402	-0.6151
403	-0.6462
404	-0.6457
405	-0.6375
406	-0.6282
407	-0.6145
408	-0.5581
409	-0.5495
410	-0.5047
411	-0.4799
412	-0.5407
413	-0.5246
414	-0.5764
415	-0.5948
416	-0.6422
417	-0.5491
418	-0.5671
419	-0.5854
420	-0.5262
421	-0.5222
422	-0.5647
423	-0.5632
424	-0.5408
425	-0.6204
426	-0.6504
427	-0.6441
428	-0.6209
429	-0.6156
430	-0.574
431	-0.5226
432	-0.5067
433	-0.5571
434	-0.4886
435	-0.5094
436	-0.5229
437	-0.4661
438	-0.5332
439	-0.5461
440	-0.5003
441	-0.5516
442	-0.5937
443	-0.6219
444	-0.5631
445	-0.5779
446	-0.5488
447	-0.5405
448	-0.5855
449	-0.5964
450	-0.6205
451	-0.6302
452	-0.669
453	-0.6214
454	-0.6853
455	-0.6179
456	-0.5981
457	-0.6172
458	-0.6071
459	-0.6048
460	-0.6158
461	-0.6487
462	-0.6282
463	-0.54
464	-0.525
465	-0.5558
466	-0.5587
467	-0.5019
468	-0.5135
469	-0.5379
470	-0.5242
471	-0.5553
472	-0.5463
473	-0.5321
474	-0.5366
475	-0.5385
476	-0.5777
477	-0.5643
478	-0.6224
479	-0.6248
480	-0.6395
481	-0.633
482	-0.6333
483	-0.6593
484	-0.6444
485	-0.6266
486	-0.5662
487	-0.5449
488	-0.5481
489	-0.581
490	-0.5221
491	-0.5253
492	-0.5527
493	-0.5635
494	-0.559
495	-0.57
496	-0.5634
497	-0.5674
498	-0.5642
499	-0.5972
500	-0.5449
501	-0.5212
502	-0.5941
503	-0.5778
504	-0.5414
505	-0.5475
506	-0.5412
507	-0.6052
508	-0.6432
509	-0.5948
510	-0.5798
511	-0.606
512	-0.5669
513	-0.5891
514	-0.5319
515	-0.6238
516	-0.6113
517	-0.5808
518	-0.5794
519	-0.5533
520	-0.5309
521	-0.5212
522	-0.5316
523	-0.5198
524	-0.501
525	-0.5618
526	-0.6008
527	-0.5912
528	-0.5348
529	-0.5779
530	-0.5833
531	-0.6034
532	-0.6159
533	-0.655
534	-0.6461
535	-0.6482
536	-0.674
537	-0.7073
538	-0.6973
539	-0.6094
540	-0.605
541	-0.6138
542	-0.6193
543	-0.6405
544	-0.6635
545	-0.6948
546	-0.6732
547	-0.5809
548	-0.5656
549	-0.5737
550	-0.6323
551	-0.6392
552	-0.6323
553	-0.6141
554	-0.6325
555	-0.592
556	-0.595
557	-0.5463
558	-0.5272
559	-0.5105
560	-0.5618
561	-0.5564
562	-0.5963
563	-0.6076
564	-0.6265
565	-0.6086
566	-0.6
567	-0.598
568	-0.6425
569	-0.6393
570	-0.5991
571	-0.585
572	-0.5847
573	-0.5919
574	-0.6043
575	-0.6472
576	-0.5921
577	-0.5662
578	-0.531
579	-0.5304
580	-0.5784
581	-0.6182
582	-0.5568
583	-0.6001
584	-0.6152
585	-0.6578
586	-0.6477
587	-0.5947
588	-0.5705
589	-0.5516
590	-0.5443
591	-0.6211
592	-0.649
593	-0.6484
594	-0.6599
595	-0.6563
596	-0.648
597	-0.6837
598	-0.6311
599	-0.6505
600	-0.649
101	8588.0
102	8591.0
103	8595.0
104	8598.0
105	8596.0
106	8595.0
107	8594.0
108	8594.0
109	8596.0
110	8594.0
111	8590.0
112	8587.0
113	8588.0
114	8587.0
115	8590.0
116	8587.0
117	8587.0
118	8588.0
119	8589.0
120	8588.0
121	8588.0
122	8590.0
123	8588.0
124	8590.0
125	8594.0
126	8594.0
127	8595.0
128	8596.0
129	8598.0
130	8591.0
131	8596.0
132	8590.0
133	8591.0
134	8588.0
135	8597.0
136	8595.0
137	8589.0
138	8588.0
139	8588.0
140	8588.0
141	8590.0
142	8590.0
143	8590.0
144	8591.0
145	8590.0
146	8591.0
147	8590.0
148	8590.0
149	8593.0
150	8587.0
151	8587.0
152	8588.0
153	8588.0
154	8590.0
155	8587.0
156	8588.0
157	8590.0
158	8588.0
159	8588.0
160	8588.0
161	8588.0
162	8589.0
163	8589.0
164	8588.0
165	8588.0
166	8591.0
167	8592.0
168	8588.0
169	8589.0
170	8588.0
171	8587.0
172	8590.0
173	8593.0
174	8592.0
175	8592.0
176	8593.0
177	8589.0
178	8588.0
179	8594.0
180	8590.0
181	8588.0
182	8589.0
183	8590.0
184	8599.0
185	8588.0
186	8587.0
187	8587.0
188	8589.0
189	8591.0
190	8588.0
191	8587.0
192	8587.0
193	8588.0
194	8587.0
195	8589.0
196	8591.0
197	8589.0
198	8588.0
199	8588.0
200	8593.0
201	8591.0
202	8601.0
203	8590.0
204	8589.0
205	8591.0
206	8589.0
207	8589.0
208	8589.0
209	8589.0
210	8590.0
211	8588.0
212	8590.0
213	8588.0
214	8588.0
215	8591.0
216	8591.0
217	8590.0
218	8590.0
219	8591.0
220	8591.0
221	8590.0
222	8593.0
223	8595.0
224	8591.0
225	8593.0
226	8593.0
227	8593.0
228	8591.0
229	8591.0
230	8588.0
231	8588.0
232	8592.0
233	8592.0
234	8592.0
235	8595.0
236	8601.0
237	8596.0
238	8595.0
239	8595.0
240	8594.0
241	8593.0
242	8592.0
243	8590.0
244	8589.0
245	8588.0
246	8590.0
247	8593.0
248	8591.0
249	8591.0
250	8592.0
251	8594.0
252	8591.0
253	8588.0
254	8591.0
255	8588.0
256	8588.0
257	8587.0
258	8590.0
259	8588.0
260	8587.0
261	8587.0
262	8590.0
263	8589.0
264	8587.0
265	8588.0
266	8588.0
267	8589.0
268	8595.0
269	8592.0
270	8593.0
271	8594.0
272	8595.0
273	8595.0
274	8589.0
275	8588.0
276	8592.0
277	8595.0
278	8590.0
279	8588.0
280	8592.0
281	8587.0
282	8589.0
283	8589.0
284	8591.0
285	8592.0
286	8589.0
287	8589.0
288	8588.0
289	8589.0
290	8590.0
291	8589.0
292	8589.0
293	8587.0
294	8587.0
295	8588.0
296	8588.0
297	8590.0
298	8594.0
299	8592.0
300	8591.0
301	8594.0
302	8596.0
303	8594.0
304	8591.0
305	8593.0
306	8590.0
307	8590.0
308	8592.0
309	8587.0
310	8587.0
311	8590.0
312	8589.0
313	8587.0
314	8587.0
315	8588.0
316	8588.0
317	8589.0
318	8588.0
319	8587.0
320	8587.0
321	8590.0
322	8588.0
323	8590.0
324	8592.0
325	8588.0
326	8589.0
327	8588.0
328	8588.0
329	8588.0
330	8588.0
331	8587.0
332	8587.0
333	8589.0
334	8588.0
335	8587.0
336	8587.0
337	8592.0
338	8593.0
339	8590.0
340	8590.0
341	8590.0
342	8588.0
343	8588.0
344	8587.0
345	8590.0
346	8591.0
347	8590.0
348	8590.0
349	8589.0
350	8589.0
351	8589.0
352	8589.0
353	8587.0
354	8587.0
355	8587.0
356	8587.0
357	8587.0
358	8588.0
359	8590.0
360	8588.0
361	8587.0
362	8588.0
363	8588.0
364	8587.0
365	8588.0
366	8591.0
367	8589.0
368	8592.0
369	8588.0
370	8589.0
371	8587.0
372	8587.0
373	8587.0
374	8588.0
375	8587.0
376	8588.0
377	8589.0
378	8589.0
379	8588.0
380	8590.0
381	8591.0
382	8588.0
383	8587.0
384	8588.0
385	8587.0
386	8587.0
387	8587.0
388	8589.0
389	8590.0
390	8592.0
391	8592.0
392	8588.0
393	8589.0
394	8588.0
395	8587.0
396	8587.0
397	8587.0
398	8589.0
399	8589.0
400	8590.0
401	8588.0
402	8587.0
403	8590.0
404	8588.0
405	8587.0
406	8589.0
407	8587.0
408	8589.0
409	8588.0
410	8590.0
411	8593.0
412	8589.0
413	8589.0
414	8588.0
415	8591.0
416	8593.0
417	8589.0
418	8588.0
419	8587.0
420	8590.0
421	8590.0
422	8590.0
423	8589.0
424	8590.0
425	8594.0
426	8589.0
427	8592.0
428	8589.0
429	8587.0
430	8588.0
431	8589.0
432	8591.0
433	8589.0
434	8591.0
435	8590.0
436	8589.0
437	8593.0
438	8589.0
439	8588.0
440	8590.0
441	8588.0
442	8588.0
443	8589.0
444	8588.0
445	8590.0
446	8590.0
447	8593.0
448	8588.0
449	8587.0
450	8587.0
451	8592.0
452	8588.0
453	8587.0
454	8590.0
455	8588.0
456	8587.0
457	8590.0
458	8587.0
459	8588.0
460	8587.0
461	8588.0
462	8589.0
463	8590.0
464	8589.0
465	8588.0
466	8589.0
467	8590.0
468	8590.0
469	8589.0
470	8590.0
471	8590.0
472	8593.0
473	8592.0
474	8594.0
475	8599.0
476	8597.0
477	8599.0
478	8590.0
479	8591.0
480	8593.0
481	8592.0
482	8593.0
483	8591.0
484	8588.0
485	8587.0
486	8588.0
487	8589.0
488	8591.0
489	8589.0
490	8591.0
491	8591.0
492	8592.0
493	8589.0
494	8589.0
495	8590.0
496	8589.0
497	8589.0
498	8590.0
499	8590.0
500	8589.0
501	8590.0
502	8590.0
503	8590.0
504	8589.0
505	8589.0
506	8589.0
507	8588.0
508	8589.0
509	8589.0
510	8589.0
511	8587.0
512	8587.0
513	8587.0
514	8589.0
515	8590.0
516	8587.0
517	8588.0
518	8589.0
519	8591.0
520	8590.0
521	8592.0
522	8589.0
523	8589.0
524	8590.0
525	8589.0
526	8589.0
527	8588.0
528	8595.0
529	8589.0
530	8588.0
531	8592.0
532	8593.0
533	8593.0
534	8588.0
535	8589.0
536	8597.0
537	8597.0
538	8592.0
539	8588.0
540	8587.0
541	8587.0
542	8587.0
543	8588.0
544	8588.0
545	8590.0
546	8588.0
547	8587.0
548	8587.0
549	8588.0
550	8588.0
551	8588.0
552	8588.0
553	8587.0
554	8587.0
555	8587.0
556	8587.0
557	8588.0
558	8589.0
559	8590.0
560	8588.0
561	8588.0
562	8589.0
563	8592.0
564	8587.0
565	8587.0
566	8587.0
567	8587.0
568	8587.0
569	8587.0
570	8588.0
571	8590.0
572	8587.0
573	8588.0
574	8590.0
575	8588.0
576	8587.0
577	8595.0
578	8590.0
579	8590.0
580	8587.0
581	8588.0
582	8590.0
583	8588.0
584	8587.0
585	8596.0
586	8588.0
587	8587.0
588	8588.0
589	8590.0
590	8591.0
591	8588.0
592	8589.0
593	8591.0
594	8589.0
595	8589.0
596	8588.0
597	8589.0
598	8587.0
599	8588.0
600	8589.0
