201	-0.5694
202	-0.6629
203	-0.6514
204	-0.708
205	-0.6001
206	-0.6522
207	-0.6106
208	-0.722
209	-0.6005
210	-0.6601
211	-0.6124
212	-0.6755
213	-0.6817
214	-0.7445
215	-0.6994
216	-0.5944
217	-0.6306
218	-0.9065
219	-0.9115
220	-0.9334
221	-0.842
222	-0.9363
223	-0.9485
224	-1.016
225	-1.013
226	-1.017
227	-1.104
228	-1.102
229	-1.195
230	-1.046
231	-1.102
232	-1.204
233	-1.146
234	-1.178
235	-1.035
236	-0.9568
237	-0.8598
238	-0.7824
239	-0.8115
240	-0.8527
241	-0.8974
242	-0.9382
243	-0.8607
244	-0.8819
245	-0.7823
246	-0.6775
247	-0.6332
248	-0.6184
249	-0.6034
250	-0.5379
251	-0.4886
252	-0.4922
253	-0.5822
254	-0.5172
255	-0.4626
256	-0.5196
257	-0.4783
258	-0.5568
259	-0.5235
260	-0.6989
261	-0.6099
262	-0.6912
263	-0.6625
264	-0.7194
265	-0.7796
266	-0.7209
267	-0.5932
268	-0.6591
269	-0.7312
270	-0.8128
271	-0.9334
272	-0.8709
273	-0.8322
274	-0.8901
275	-0.817
276	-0.86
277	-0.8191
278	-0.9556
279	-0.8767
280	-0.9604
281	-0.8094
282	-0.8427
283	-0.8701
284	-0.9251
285	-0.9968
286	-0.9115
287	-0.8931
288	-0.8783
289	-0.8572
290	-1.065
291	-1.004
292	-0.9685
293	-1.011
294	-0.9649
295	-0.9109
296	-0.7449
297	-0.741
298	-0.735
299	-0.7222
300	-0.7788
301	-0.7247
302	-0.736
303	-0.7054
304	-0.6572
305	-0.6156
306	-0.6918
307	-0.6858
308	-0.5472
309	-0.6675
310	-0.6456
311	-0.5773
312	-0.5801
313	-0.5601
314	-0.604
315	-0.675
316	-0.5734
317	-0.6997
318	-0.7116
319	-0.5756
320	-0.7199
321	-0.7902
322	-0.8914
323	-0.8073
324	-0.776
325	-0.7668
326	-0.7905
327	-0.8611
328	-0.849
329	-0.8691
330	-0.9559
331	-1.049
332	-1.161
333	-1.018
334	-1.024
335	-1.111
336	-1.047
337	-0.9821
338	-0.9416
339	-0.9382
340	-0.8891
341	-0.8415
342	-0.8527
343	-0.8153
344	-0.9569
345	-0.8957
346	-1.003
347	-0.842
348	-0.8521
349	-0.7141
350	-0.7708
351	-0.8361
352	-0.8906
353	-0.8956
354	-0.851
355	-0.86
356	-0.8703
357	-0.8491
358	-0.9347
359	-0.9181
360	-0.89
361	-0.8601
362	-0.8594
363	-0.7551
364	-0.752
365	-0.7577
366	-0.8451
367	-0.88
368	-0.8817
369	-0.763
370	-0.9544
371	-0.9281
372	-0.8556
373	-0.8076
374	-0.8237
375	-0.8128
376	-0.7279
377	-0.806
378	-0.7923
379	-0.7971
380	-0.746
381	-0.7212
382	-0.7462
383	-0.6355
384	-0.7531
385	-0.8049
386	-0.8832
387	-0.9907
388	-0.8875
389	-0.8969
390	-0.9037
391	-0.9504
392	-0.9294
393	-0.9189
394	-0.965
395	-1.029
396	-0.8532
397	-0.903
398	-0.8773
399	-0.7861
400	-0.6814
401	-0.8213
402	-0.9174
403	-0.8541
404	-0.8001
405	-0.803
406	-0.8446
407	-0.7331
408	-0.7052
409	-0.6639
410	-0.6687
411	-0.5962
412	-0.6151
413	-0.5302
414	-0.581
415	-0.6203
416	-0.761
417	-0.7119
418	-0.792
419	-0.853
420	-0.9573
421	-0.9154
422	-0.8806
423	-0.8294
424	-0.8316
425	-0.8939
426	-0.9973
427	-0.9621
428	-1.074
429	-0.9484
430	-0.8426
431	-0.8668
432	-0.8269
433	-0.8381
434	-0.9071
435	-0.8776
436	-0.7499
437	-0.7385
438	-0.6875
439	-0.7438
440	-0.7143
441	-0.7253
442	-0.6875
443	-0.7317
444	-0.7794
445	-0.8396
446	-0.7487
447	-0.6221
448	-0.6537
449	-0.7863
450	-0.8566
451	-0.8698
452	-0.8274
453	-0.8233
454	-0.8323
455	-0.889
456	-0.83
457	-0.988
458	-0.8998
459	-0.9763
460	-0.9499
461	-0.9779
462	-0.82
463	-0.9163
464	-0.8245
465	-0.9015
466	-0.9719
467	-0.9067
468	-1.045
469	-0.9734
470	-1.022
471	-1.025
472	-0.9777
473	-0.8556
474	-0.9404
475	-1.063
476	-1.007
477	-1.068
478	-1.055
479	-0.9954
480	-0.8806
481	-0.7575
482	-0.794
483	-0.8469
484	-0.8183
485	-0.7524
486	-0.611
487	-0.7173
488	-0.7859
489	-0.7351
490	-0.6
491	-0.6432
492	-0.7454
493	-0.821
494	-0.8232
495	-0.8727
496	-0.9591
497	-0.8524
498	-0.7811
499	-0.9024
500	-0.7947
501	-0.8707
502	-0.7182
503	-0.8373
504	-0.8181
505	-0.8185
506	-0.8434
507	-0.8024
508	-0.8112
509	-0.7783
510	-0.8712
511	-0.8702
512	-0.9025
513	-0.8816
514	-0.8022
515	-0.8704
516	-0.8692
517	-0.7516
518	-0.7441
519	-0.7563
520	-0.7256
521	-0.6684
522	-0.7034
523	-0.7503
524	-0.8294
525	-0.8749
526	-0.8471
527	-0.7572
528	-0.8507
529	-0.8278
530	-0.8096
531	-0.7762
532	-0.7055
533	-0.6395
534	-0.6256
535	-0.6692
536	-0.6937
537	-0.6653
538	-0.7079
539	-0.7102
540	-0.7772
541	-0.9451
542	-0.9321
543	-0.9788
544	-1.041
545	-1.048
546	-1.112
547	-1.157
548	-1.09
549	-1.008
550	-1.012
551	-1.056
552	-0.9448
553	-0.9346
554	-0.8682
555	-0.835
556	-0.8122
557	-0.9426
558	-1.016
559	-1.018
560	-1.038
561	-0.9754
562	-0.8721
563	-0.7065
564	-0.6728
565	-0.5536
566	-0.5461
567	-0.5777
568	-0.5779
569	-0.5471
570	-0.4177
571	-0.3403
572	-0.379
573	-0.265
574	-0.2742
575	-0.2808
576	-0.2828
577	-0.3521
578	-0.4991
579	-0.4835
580	-0.6203
581	-0.6219
582	-0.643
583	-0.7793
584	-0.6824
585	-0.6886
586	-0.7843
587	-0.7612
588	-0.7711
589	-0.7136
590	-0.6352
591	-0.7062
592	-0.8056
593	-0.7622
594	-0.8457
595	-0.9455
596	-0.9555
597	-0.9391
598	-0.8078
599	-0.7927
600	-0.7787
601	-0.8627
602	-0.8881
603	-0.9379
604	-0.8151
605	-0.8719
606	-0.9433
607	-0.9523
608	-0.8844
609	-0.7679
610	-0.7802
611	-0.7214
612	-0.6272
613	-0.6596
614	-0.5044
615	-0.4771
616	-0.7094
617	-0.6595
618	-0.6089
619	-0.6091
620	-0.6972
621	-0.7055
622	-0.7192
623	-0.867
624	-0.7789
625	-0.8331
626	-0.7677
627	-0.751
628	-0.7725
629	-0.7392
630	-0.7344
631	-0.8616
632	-0.8434
633	-0.9551
634	-0.9441
635	-0.7979
636	-0.8551
637	-0.8427
638	-0.7825
639	-0.7483
640	-0.6514
641	-0.497
642	-0.5121
643	-0.547
644	-0.4656
645	-0.4859
646	-0.5205
647	-0.5027
648	-0.3902
649	-0.4196
650	-0.486
651	-0.5549
652	-0.4837
653	-0.4547
654	-0.5557
655	-0.5042
656	-0.5602
657	-0.7419
658	-0.8096
659	-0.7067
660	-0.7632
661	-0.6222
662	-0.711
663	-0.7742
664	-0.677
665	-0.71
666	-0.7347
667	-0.6561
668	-0.543
669	-0.5966
670	-0.8116
671	-0.8748
672	-0.8609
673	-0.8609
674	-0.9392
675	-0.9586
676	-0.9391
677	-1.016
678	-0.9585
679	-0.9161
680	-0.9693
681	-0.9821
682	-0.9294
683	-0.94
684	-1.034
685	-1.066
686	-1.096
687	-1.11
688	-1.186
689	-1.15
690	-1.017
691	-1.023
692	-0.95
693	-0.9598
694	-0.9168
695	-0.8813
696	-0.8843
697	-0.753
698	-0.8482
699	-0.7961
700	-0.7567
701	-0.8224
702	-0.8194
703	-0.8187
704	-0.7499
705	-0.9139
706	-1.044
707	-1.058
708	-1.023
709	-0.9554
710	-1.028
711	-0.9721
712	-1.029
713	-1.051
714	-1.004
715	-0.9302
716	-0.9339
717	-0.9222
718	-0.8185
719	-0.8747
720	-0.9203
721	-0.9216
722	-0.825
723	-0.8704
724	-0.8874
725	-0.8699
726	-0.9333
727	-0.8535
728	-0.8876
729	-0.8465
730	-0.9478
731	-0.8086
732	-0.7229
733	-0.7585
734	-0.5872
735	-0.4166
736	-0.4295
737	-0.5031
738	-0.5932
739	-0.6424
740	-0.6275
741	-0.6646
742	-0.6211
743	-0.7235
744	-0.7041
745	-0.6977
746	-0.7901
747	-0.8746
748	-0.8046
749	-0.664
750	-0.7
201	0.01289
202	-0.3056
203	0.05992
204	0.2465
205	0.1301
206	-0.04911
207	0.2059
208	0.2957
209	-0.06378
210	0.2912
211	0.5432
212	0.4922
213	0.1546
214	0.1531
215	0.03338
216	0.4474
217	0.497
218	0.3339
219	0.1147
220	0.2476
221	0.3039
222	0.3108
223	0.4398
224	0.7934
225	0.4331
226	0.6431
227	0.5409
228	0.7447
229	0.6605
230	0.4681
231	0.6501
232	0.273
233	0.5981
234	0.6408
235	0.4564
236	0.894
237	0.4009
238	0.1519
239	0.2783
240	0.2841
241	0.2102
242	0.4913
243	0.0498
244	0.04655
245	0.4649
246	0.03319
247	0.1634
248	-0.1631
249	0.1148
250	0.5611
251	-0.01497
252	0.00585
253	0.1519
254	-0.1429
255	0.3116
256	-0.07163
257	-0.1152
258	-0.006681
259	0.4006
260	0.1819
261	0.296
262	0.06885
263	0.3147
264	0.38
265	0.289
266	0.3621
267	0.05637
268	0.4031
269	0.1859
270	0.124
271	0.5085
272	0.2309
273	0.1033
274	0.3899
275	0.1296
276	0.1572
277	-0.03342
278	0.3233
279	0.3608
280	0.671
281	0.7414
282	0.3248
283	0.6301
284	0.3636
285	0.05633
286	0.1306
287	0.7095
288	0.3078
289	0.4178
290	0.378
291	0.4998
292	0.587
293	0.1216
294	0.2471
295	0.4773
296	-0.02828
297	0.02322
298	0.2113
299	0.2225
300	0.3312
301	0.2671
302	0.1586
303	0.4283
304	0.05567
305	0.3495
306	0.009236
307	0.3683
308	0.04991
309	0.2162
310	0.4903
311	-0.02248
312	0.7375
313	-0.05605
314	-0.1341
315	-0.0943
316	0.3142
317	-0.181
318	0.1139
319	0.2216
320	0.2938
321	0.3951
322	0.02158
323	0.5219
324	0.2551
325	0.5444
326	0.01587
327	7.56E-4
328	0.4517
329	0.2932
330	0.3916
331	0.1422
332	0.4154
333	0.4544
334	0.3646
335	0.05481
336	0.4108
337	0.2067
338	-0.01717
339	0.7394
340	0.09568
341	0.2027
342	0.2243
343	0.3811
344	-0.02669
345	0.4453
346	0.4202
347	0.4453
348	0.4194
349	0.3243
350	0.1513
351	0.4555
352	0.03654
353	0.3536
354	0.5737
355	0.4994
356	0.0148
357	0.7263
358	0.1442
359	0.2869
360	0.6701
361	0.3462
362	0.0171
363	0.1797
364	0.4984
365	0.406
366	0.324
367	0.1759
368	0.2256
369	0.3974
370	0.2729
371	0.1662
372	0.1425
373	0.08826
374	0.2035
375	0.2556
376	0.158
377	-0.2759
378	0.3497
379	0.4174
380	0.2243
381	0.2882
382	0.2035
383	0.162
384	0.2757
385	0.3313
386	0.2845
387	0.4659
388	-0.0578
389	0.365
390	0.4549
391	0.07072
392	0.441
393	0.2809
394	0.4819
395	0.8726
396	-0.1765
397	0.6563
398	0.4853
399	0.3243
400	0.1733
401	0.4221
402	0.5936
403	0.3709
404	0.1873
405	0.3727
406	0.2829
407	0.439
408	0.2975
409	0.2696
410	0.3292
411	0.2303
412	0.121
413	0.07626
414	0.02328
415	0.5453
416	0.2643
417	0.5106
418	0.7876
419	0.09882
420	0.4956
421	0.19
422	0.6632
423	0.1281
424	0.3909
425	0.04489
426	0.06823
427	0.452
428	0.6844
429	0.2729
430	0.3334
431	0.1376
432	1.017
433	0.06104
434	0.6908
435	0.09032
436	0.0356
437	0.2536
438	0.167
439	-0.1381
440	0.5826
441	0.3347
442	0.01371
443	0.3163
444	0.3552
445	0.06585
446	0.05964
447	0.2207
448	0.07378
449	0.03684
450	0.6544
451	0.3807
452	0.3574
453	0.1951
454	0.281
455	0.6611
456	0.2242
457	0.2971
458	0.3009
459	0.1223
460	0.5671
461	0.7701
462	0.1661
463	0.5995
464	0.4264
465	0.4067
466	0.24
467	0.4442
468	0.3957
469	0.6848
470	0.7063
471	0.2667
472	0.3125
473	0.5726
474	0.2508
475	0.6225
476	0.5705
477	0.5428
478	0.2983
479	0.3716
480	0.3366
481	-0.07628
482	0.47
483	0.09439
484	-0.005698
485	0.0586
486	0.198
487	0.0332
488	0.05497
489	0.1266
490	-0.01994
491	0.1888
492	0.103
493	0.1054
494	0.4011
495	0.2572
496	0.3775
497	0.1863
498	0.2178
499	0.6152
500	0.2105
501	0.004834
502	-0.05564
503	0.4829
504	0.2037
505	-0.001152
506	0.2044
507	0.2527
508	-0.121
509	0.7143
510	0.7073
511	0.4604
512	0.7787
513	0.2068
514	0.2396
515	0.5887
516	0.1175
517	-0.1516
518	-0.04567
519	-0.2664
520	0.2663
521	0.2147
522	0.5644
523	0.1502
524	0.04895
525	0.1053
526	0.3141
527	0.3177
528	0.5483
529	0.4423
530	0.4706
531	-0.07358
532	0.2497
533	0.04302
534	0.1949
535	0.1373
536	0.5552
537	0.8315
538	0.2571
539	0.2901
540	0.5733
541	0.3765
542	0.2882
543	0.1167
544	0.6323
545	0.4314
546	0.4075
547	0.1064
548	0.14
549	0.5761
550	0.304
551	0.474
552	0.2431
553	0.6393
554	0.2536
555	0.3274
556	0.227
557	0.1658
558	0.7045
559	0.005221
560	0.08576
561	0.1899
562	0.4343
563	0.21
564	-0.2285
565	0.08799
566	0.4829
567	0.2501
568	0.6137
569	0.6017
570	-0.09766
571	0.07778
572	0.1366
573	0.06125
574	-0.05985
575	0.439
576	0.1944
577	0.2528
578	0.3175
579	0.1006
580	0.06631
581	-0.008315
582	0.4506
583	0.3942
584	0.05606
585	0.2298
586	0.1093
587	0.05949
588	0.06448
589	0.3867
590	0.337
591	0.1545
592	0.5374
593	0.4064
594	0.6949
595	0.3716
596	0.4888
597	0.4749
598	0.5772
599	0.5131
600	0.382
601	0.1641
602	0.658
603	0.382
604	0.6381
605	0.3981
606	0.07829
607	0.3095
608	0.4175
609	0.3131
610	0.1548
611	0.1643
612	0.1747
613	0.152
614	-0.2998
615	0.01948
616	-0.001547
617	0.2714
618	0.1117
619	0.1431
620	-0.147
621	0.2537
622	0.2176
623	0.2535
624	0.5357
625	0.1389
626	0.2639
627	0.4177
628	0.5342
629	0.4818
630	0.3904
631	0.03177
632	0.241
633	0.3622
634	0.4479
635	0.06681
636	0.4683
637	-0.09965
638	0.08951
639	0.683
640	-0.06852
641	-0.234
642	0.01185
643	0.4507
644	0.4448
645	0.2352
646	0.5962
647	0.1846
648	-0.3503
649	0.3175
650	0.3828
651	0.06308
652	0.2478
653	-0.09376
654	0.1627
655	0.03405
656	0.4824
657	0.5347
658	0.08757
659	0.1071
660	0.3501
661	0.1986
662	0.7371
663	0.8545
664	0.02178
665	0.6558
666	0.0838
667	0.3147
668	0.01711
669	0.04926
670	0.1135
671	0.3057
672	0.3066
673	0.2646
674	0.02455
675	0.5446
676	0.003791
677	0.2433
678	0.2249
679	0.2669
680	0.1738
681	0.487
682	0.4625
683	0.2793
684	0.5576
685	0.5589
686	0.2243
687	0.5608
688	0.2765
689	0.6935
690	0.5492
691	0.5902
692	0.4243
693	0.2454
694	0.309
695	0.03692
696	0.3117
697	0.4796
698	0.3522
699	-0.05196
700	0.1131
701	0.3146
702	0.1466
703	0.4866
704	0.2433
705	-0.1234
706	0.2528
707	0.2377
708	0.06408
709	0.2497
710	0.2533
711	-0.1174
712	0.3257
713	0.2111
714	0.324
715	0.3294
716	0.07554
717	0.08657
718	-0.1705
719	-0.1727
720	0.3217
721	0.1261
722	0.3995
723	0.1926
724	0.4792
725	0.2129
726	0.6739
727	0.2197
728	0.5529
729	0.2254
730	0.8567
731	0.4597
732	0.2703
733	0.7044
734	0.1153
735	-0.009276
736	0.1436
737	0.2366
738	0.174
739	-0.07835
740	0.0369
741	0.4147
742	0.3717
743	0.4077
744	0.3172
745	0.3427
746	0.3993
747	-0.01699
748	0.03462
749	-0.04859
750	0.2049
201	-0.5872
202	-0.48
203	-0.6427
204	-0.4649
205	-0.6304
206	-0.5647
207	-0.5598
208	-0.5331
209	-0.5541
210	-0.6161
211	-0.7095
212	-0.5782
213	-0.5026
214	-0.5409
215	-0.6313
216	-0.6324
217	-0.5086
218	-0.4679
219	-0.5314
220	-0.5342
221	-0.4994
222	-0.3991
223	-0.5131
224	-0.5257
225	-0.5514
226	-0.5798
227	-0.5588
228	-0.7292
229	-0.6294
230	-0.6929
231	-0.552
232	-0.618
233	-0.585
234	-0.5465
235	-0.6345
236	-0.6614
237	-0.5332
238	-0.5086
239	-0.5371
240	-0.5676
241	-0.591
242	-0.4815
243	-0.5511
244	-0.4931
245	-0.5206
246	-0.4764
247	-0.6284
248	-0.536
249	-0.721
250	-0.6703
251	-0.6596
252	-0.5596
253	-0.6727
254	-0.5843
255	-0.537
256	-0.5195
257	-0.5113
258	-0.4579
259	-0.5155
260	-0.6451
261	-0.6306
262	-0.525
263	-0.5725
264	-0.5763
265	-0.5641
266	-0.5787
267	-0.6048
268	-0.6003
269	-0.4642
270	-0.5351
271	-0.3972
272	-0.576
273	-0.6387
274	-0.5737
275	-0.739
276	-0.5723
277	-0.5377
278	-0.6288
279	-0.598
280	-0.5017
281	-0.5216
282	-0.454
283	-0.4821
284	-0.5175
285	-0.451
286	-0.6116
287	-0.5023
288	-0.488
289	-0.5617
290	-0.5817
291	-0.644
292	-0.5769
293	-0.6604
294	-0.5706
295	-0.4689
296	-0.572
297	-0.5947
298	-0.6133
299	-0.5294
300	-0.5494
301	-0.7104
302	-0.6668
303	-0.6145
304	-0.6978
305	-0.6755
306	-0.5621
307	-0.575
308	-0.6332
309	-0.4915
310	-0.593
311	-0.6028
312	-0.5807
313	-0.5937
314	-0.5344
315	-0.4985
316	-0.7048
317	-0.5701
318	-0.6254
319	-0.6494
320	-0.5438
321	-0.5729
322	-0.5169
323	-0.5489
324	-0.5285
325	-0.5431
326	-0.6382
327	-0.5253
328	-0.4859
329	-0.5131
330	-0.52
331	-0.515
332	-0.4267
333	-0.5783
334	-0.5954
335	-0.4962
336	-0.6428
337	-0.596
338	-0.5164
339	-0.6766
340	-0.7207
341	-0.6241
342	-0.5952
343	-0.7382
344	-0.5641
345	-0.5533
346	-0.5232
347	-0.7159
348	-0.5653
349	-0.5126
350	-0.5172
351	-0.527
352	-0.6682
353	-0.6458
354	-0.7486
355	-0.5614
356	-0.453
357	-0.5033
358	-0.5105
359	-0.6598
360	-0.646
361	-0.5386
362	-0.6458
363	-0.6055
364	-0.5701
365	-0.536
366	-0.5456
367	-0.5693
368	-0.6741
369	-0.6799
370	-0.5758
371	-0.5444
372	-0.5623
373	-0.6655
374	-0.5063
375	-0.5817
376	-0.6019
377	-0.4483
378	-0.6432
379	-0.6368
380	-0.6075
381	-0.6676
382	-0.6467
383	-0.6419
384	-0.425
385	-0.549
386	-0.5883
387	-0.546
388	-0.7075
389	-0.6145
390	-0.4537
391	-0.6147
392	-0.5393
393	-0.5819
394	-0.5662
395	-0.4729
396	-0.7421
397	-0.4752
398	-0.51
399	-0.5952
400	-0.5616
401	-0.5783
402	-0.4837
403	-0.6687
404	-0.6195
405	-0.5577
406	-0.5665
407	-0.5943
408	-0.7279
409	-0.7429
410	-0.7279
411	-0.5998
412	-0.5259
413	-0.5946
414	-0.5883
415	-0.5928
416	-0.6405
417	-0.5946
418	-0.6973
419	-0.6034
420	-0.5224
421	-0.6277
422	-0.6716
423	-0.7286
424	-0.6725
425	-0.5341
426	-0.5492
427	-0.675
428	-0.4099
429	-0.627
430	-0.673
431	-0.6706
432	-0.5881
433	-0.6502
434	-0.5045
435	-0.4408
436	-0.5653
437	-0.588
438	-0.6572
439	-0.5776
440	-0.555
441	-0.5666
442	-0.5315
443	-0.5408
444	-0.5961
445	-0.578
446	-0.6078
447	-0.7032
448	-0.6319
449	-0.4377
450	-0.5448
451	-0.7343
452	-0.5509
453	-0.6669
454	-0.5762
455	-0.5264
456	-0.5836
457	-0.6344
458	-0.559
459	-0.482
460	-0.6781
461	-0.542
462	-0.6254
463	-0.5669
464	-0.6892
465	-0.4565
466	-0.5315
467	-0.5852
468	-0.5603
469	-0.5125
470	-0.6724
471	-0.6538
472	-0.6291
473	-0.7804
474	-0.5284
475	-0.5354
476	-0.6167
477	-0.5022
478	-0.6478
479	-0.6389
480	-0.6412
481	-0.6603
482	-0.6435
483	-0.6067
484	-0.693
485	-0.6009
486	-0.7756
487	-0.5492
488	-0.6115
489	-0.5801
490	-0.5738
491	-0.6489
492	-0.4967
493	-0.5683
494	-0.5109
495	-0.5624
496	-0.5186
497	-0.6293
498	-0.5997
499	-0.5496
500	-0.5535
501	-0.5131
502	-0.5722
503	-0.6074
504	-0.6591
505	-0.5092
506	-0.4839
507	-0.5069
508	-0.5878
509	-0.6456
510	-0.5979
511	-0.5484
512	-0.5668
513	-0.5865
514	-0.6737
515	-0.4105
516	-0.6246
517	-0.6483
518	-0.6499
519	-0.6218
520	-0.6671
521	-0.6373
522	-0.6582
523	-0.5694
524	-0.3893
525	-0.6453
526	-0.7088
527	-0.6363
528	-0.4756
529	-0.7351
530	-0.5701
531	-0.4697
532	-0.646
533	-0.5489
534	-0.4886
535	-0.5207
536	-0.5085
537	-0.5878
538	-0.4288
539	-0.4359
540	-0.7144
541	-0.562
542	-0.5229
543	-0.5788
544	-0.5695
545	-0.6151
546	-0.5422
547	-0.6604
548	-0.5424
549	-0.6019
550	-0.6402
551	-0.4999
552	-0.5274
553	-0.5465
554	-0.7796
555	-0.6893
556	-0.4833
557	-0.5722
558	-0.6182
559	-0.5245
560	-0.5796
561	-0.6073
562	-0.4664
563	-0.5616
564	-0.5761
565	-0.598
566	-0.6427
567	-0.7082
568	-0.5222
569	-0.5504
570	-0.6634
571	-0.7205
572	-0.5059
573	-0.5911
574	-0.3719
575	-0.5892
576	-0.5344
577	-0.5026
578	-0.5659
579	-0.5703
580	-0.4926
581	-0.614
582	-0.6358
583	-0.5763
584	-0.7385
585	-0.663
586	-0.5362
587	-0.5274
588	-0.4869
589	-0.7702
590	-0.5536
591	-0.5207
592	-0.5936
593	-0.5949
594	-0.6151
595	-0.4922
596	-0.5416
597	-0.6114
598	-0.6997
599	-0.5557
600	-0.6098
601	-0.6323
602	-0.684
603	-0.6733
604	-0.59
605	-0.5161
606	-0.5722
607	-0.6305
608	-0.739
609	-0.6089
610	-0.5362
611	-0.5114
612	-0.5931
613	-0.5536
614	-0.6353
615	-0.7207
616	-0.5301
617	-0.6103
618	-0.5969
619	-0.6379
620	-0.6354
621	-0.5222
622	-0.4143
623	-0.5176
624	-0.5948
625	-0.6641
626	-0.6117
627	-0.7115
628	-0.6782
629	-0.6822
630	-0.7013
631	-0.555
632	-0.4894
633	-0.5347
634	-0.571
635	-0.6376
636	-0.5763
637	-0.6212
638	-0.46
639	-0.648
640	-0.7262
641	-0.6925
642	-0.4978
643	-0.5698
644	-0.6014
645	-0.6763
646	-0.5023
647	-0.595
648	-0.6895
649	-0.6969
650	-0.5938
651	-0.6333
652	-0.6632
653	-0.6368
654	-0.5131
655	-0.664
656	-0.6529
657	-0.5614
658	-0.604
659	-0.5886
660	-0.6317
661	-0.638
662	-0.6852
663	-0.7051
664	-0.6871
665	-0.6593
666	-0.6131
667	-0.7298
668	-0.6694
669	-0.4444
670	-0.478
671	-0.5573
672	-0.4461
673	-0.5589
674	-0.521
675	-0.5575
676	-0.6443
677	-0.5714
678	-0.4776
679	-0.6455
680	-0.4423
681	-0.4933
682	-0.5541
683	-0.5781
684	-0.5384
685	-0.6364
686	-0.5269
687	-0.6974
688	-0.4923
689	-0.5126
690	-0.6153
691	-0.6574
692	-0.6401
693	-0.6322
694	-0.7918
695	-0.6044
696	-0.6707
697	-0.6453
698	-0.4996
699	-0.552
700	-0.7087
701	-0.6792
702	-0.7166
703	-0.7223
704	-0.6379
705	-0.5184
706	-0.5922
707	-0.5646
708	-0.57
709	-0.6024
710	-0.7454
711	-0.608
712	-0.5088
713	-0.3937
714	-0.4567
715	-0.6007
716	-0.7834
717	-0.5756
718	-0.6394
719	-0.5818
720	-0.5217
721	-0.6574
722	-0.6874
723	-0.5698
724	-0.609
725	-0.5834
726	-0.4934
727	-0.6113
728	-0.5476
729	-0.7395
730	-0.5799
731	-0.5712
732	-0.5784
733	-0.613
734	-0.6282
735	-0.6261
736	-0.6123
737	-0.4671
738	-0.5385
739	-0.5212
740	-0.5233
741	-0.4358
742	-0.6428
743	-0.5801
744	-0.6186
745	-0.647
746	-0.4892
747	-0.4625
748	-0.5412
749	-0.5422
750	-0.5452
201	-0.1956
202	-0.2479
203	-0.3627
204	-0.3913
205	-0.3644
206	-0.2625
207	-0.4519
208	-0.2388
209	-0.2828
210	-0.1779
211	-0.273
212	-0.244
213	-0.3293
214	-0.3251
215	-0.2394
216	-0.3408
217	-0.3134
218	-0.2388
219	-0.2136
220	-0.2713
221	-0.387
222	-0.3722
223	-0.1696
224	-0.07717
225	-0.08558
226	-0.1629
227	-0.2335
228	-0.1531
229	-0.1973
230	-0.3448
231	-0.2124
232	-0.1893
233	-0.1433
234	-0.2418
235	-0.2334
236	-0.2508
237	-0.3553
238	-0.27
239	-0.2159
240	-0.2205
241	-0.2442
242	-0.3321
243	-0.2537
244	-0.2638
245	-0.3472
246	-0.296
247	-0.1762
248	-0.2939
249	-0.2805
250	-0.3558
251	-0.3524
252	-0.3787
253	-0.2944
254	-0.3377
255	-0.3333
256	-0.2347
257	-0.2839
258	-0.368
259	-0.2391
260	-0.1408
261	-0.2598
262	-0.2837
263	-0.3912
264	-0.2012
265	-0.261
266	-0.2677
267	-0.3165
268	-0.2642
269	-0.1627
270	-0.2303
271	-0.3522
272	-0.3143
273	-0.2534
274	-0.2644
275	-0.3556
276	-0.2931
277	-0.1696
278	-0.09563
279	-0.1762
280	-0.2627
281	-0.322
282	-0.3348
283	-0.1773
284	-0.1932
285	-0.1623
286	-0.3184
287	-0.2854
288	-0.1996
289	-0.1948
290	-0.2139
291	-0.1746
292	-0.4014
293	-0.1687
294	-0.1806
295	-0.353
296	-0.3721
297	-0.3871
298	-0.3183
299	-0.2801
300	-0.2046
301	-0.2784
302	-0.3554
303	-0.2615
304	-0.3317
305	-0.2604
306	-0.2764
307	-0.3968
308	-0.518
309	-0.3441
310	-0.4618
311	-0.4215
312	-0.4122
313	-0.3937
314	-0.2379
315	-0.2344
316	-0.2156
317	-0.262
318	-0.2278
319	-0.2818
320	-0.4298
321	-0.339
322	-0.2392
323	-0.2352
324	-0.4329
325	-0.2892
326	-0.3461
327	-0.345
328	-0.2594
329	-0.2402
330	-0.1123
331	-0.1508
332	-0.1002
333	-0.1226
334	-0.2066
335	-0.246
336	-0.1823
337	-0.212
338	-0.3032
339	-0.2257
340	-0.1565
341	-0.2979
342	-0.2361
343	-0.2711
344	-0.2738
345	-0.326
346	-0.3783
347	-0.3388
348	-0.4075
349	-0.5089
350	-0.3287
351	-0.3727
352	-0.219
353	-0.13
354	-0.2066
355	-0.2884
356	-0.1988
357	-0.3549
358	-0.3338
359	-0.2682
360	-0.3569
361	-0.3863
362	-0.2801
363	-0.3673
364	-0.3242
365	-0.2772
366	-0.316
367	-0.09076
368	-0.09469
369	-0.3063
370	-0.2169
371	-0.1236
372	-0.2008
373	-0.14
374	-0.3508
375	-0.2699
376	-0.3374
377	-0.3093
378	-0.2402
379	-0.317
380	-0.1756
381	-0.2952
382	-0.1748
383	-0.3464
384	-0.3098
385	-0.2297
386	-0.1493
387	-0.3253
388	-0.2637
389	-0.2808
390	-0.3767
391	-0.2613
392	-0.3414
393	-0.3475
394	-0.1846
395	-0.3593
396	-0.3812
397	-0.3855
398	-0.1528
399	-0.3367
400	-0.3119
401	-0.2387
402	-0.213
403	-0.359
404	-0.2146
405	-0.2253
406	-0.1682
407	-0.4625
408	-0.5387
409	-0.4265
410	-0.324
411	-0.2939
412	-0.2381
413	-0.295
414	-0.3024
415	-0.1366
416	-0.2623
417	-0.3519
418	-0.3057
419	-0.3412
420	-0.3122
421	-0.1628
422	-0.3737
423	-0.3324
424	-0.4047
425	-0.1676
426	-0.2243
427	-0.2176
428	-0.1043
429	-0.2528
430	-0.2216
431	-0.2435
432	-0.2584
433	-0.2026
434	-0.42
435	-0.3652
436	-0.3141
437	-0.3478
438	-0.2823
439	-0.3163
440	-0.5282
441	-0.3938
442	-0.1405
443	-0.2771
444	-0.3497
445	-0.1919
446	-0.1457
447	-0.3272
448	-0.3976
449	-0.4002
450	-0.1047
451	-0.1503
452	-0.3284
453	-0.3501
454	-0.2654
455	-0.1467
456	-0.2319
457	-0.06604
458	-0.2476
459	-0.2967
460	-0.2488
461	-0.3363
462	-0.391
463	-0.2551
464	-0.1986
465	-0.2978
466	-0.1475
467	-0.2564
468	-0.3128
469	-0.3187
470	-0.2099
471	-0.2705
472	-0.3959
473	-0.3527
474	-0.2477
475	-0.1319
476	-0.3519
477	-0.4077
478	-0.1713
479	-0.3652
480	-0.3932
481	-0.3893
482	-0.2846
483	-0.09039
484	-0.1649
485	-0.2437
486	-0.3211
487	-0.2863
488	-0.3023
489	-0.2262
490	-0.3648
491	-0.3795
492	-0.3841
493	-0.2472
494	-0.2038
495	-0.2225
496	-0.1916
497	-0.2805
498	-0.4283
499	-0.4025
500	-0.2989
501	-0.2515
502	-0.212
503	-0.2617
504	-0.3138
505	-0.2457
506	-0.2539
507	-0.05736
508	-0.1414
509	-0.3289
510	-0.2999
511	-0.31
512	-0.2104
513	-0.2241
514	-0.2519
515	-0.2423
516	-0.1817
517	-0.3138
518	-0.1717
519	-0.1837
520	-0.2106
521	-0.1887
522	-0.3458
523	-0.3068
524	-0.2473
525	-0.2488
526	-0.2143
527	-0.2446
528	-0.2554
529	-0.283
530	-0.3526
531	-0.3539
532	-0.4187
533	-0.4146
534	-0.2775
535	-0.3342
536	-0.2239
537	-0.4689
538	-0.452
539	-0.2708
540	-0.2464
541	-0.3275
542	-0.3771
543	-0.3097
544	-0.1119
545	-0.162
546	-0.251
547	-0.126
548	-0.1752
549	-0.2316
550	-0.3541
551	-0.2958
552	-0.4727
553	-0.3846
554	-0.2904
555	-0.1816
556	-0.21
557	-0.1252
558	-0.0973
559	-0.3163
560	-0.1902
561	-0.3909
562	-0.3557
563	-0.3937
564	-0.394
565	-0.4557
566	-0.2536
567	-0.1839
568	-0.2451
569	-0.2634
570	-0.2371
571	-0.3195
572	-0.2955
573	-0.3411
574	-0.3086
575	-0.2687
576	-0.5672
577	-0.3269
578	-0.2945
579	-0.2661
580	-0.2442
581	-0.2756
582	-0.1863
583	-0.31
584	-0.243
585	-0.3171
586	-0.3193
587	-0.1619
588	-0.2047
589	-0.2553
590	-0.3428
591	-0.411
592	-0.3188
593	-0.3121
594	-0.2274
595	-0.2637
596	-0.2423
597	-0.2541
598	-0.1717
599	-0.2863
600	-0.2939
601	-0.2046
602	-0.2066
603	-0.1506
604	-0.3271
605	-0.3554
606	-0.319
607	-0.3878
608	-0.4252
609	-0.4236
610	-0.3186
611	-0.3347
612	-0.3503
613	-0.3382
614	-0.2726
615	-0.2102
616	-0.1357
617	-0.1574
618	-0.2252
619	-0.1326
620	-0.08724
621	-0.3573
622	-0.3512
623	-0.1666
624	-0.3502
625	-0.2916
626	-0.2974
627	-0.3263
628	-0.3278
629	-0.4237
630	-0.3074
631	-0.3014
632	-0.3113
633	-0.3021
634	-0.3246
635	-0.3459
636	-0.3116
637	-0.3202
638	-0.4623
639	-0.3836
640	-0.3689
641	-0.2572
642	-0.4327
643	-0.4522
644	-0.2715
645	-0.2896
646	-0.4564
647	-0.3762
648	-0.2473
649	-0.2367
650	-0.2974
651	-0.2316
652	-0.3773
653	-0.4289
654	-0.3213
655	-0.2777
656	-0.2836
657	-0.2364
658	-0.2684
659	-0.3681
660	-0.2564
661	-0.2706
662	-0.2819
663	-0.2168
664	-0.3857
665	-0.2402
666	-0.1235
667	-0.2702
668	-0.2142
669	-0.2913
670	-0.3075
671	-0.1363
672	-0.2887
673	-0.376
674	-0.3769
675	-0.1908
676	-0.2636
677	-0.1638
678	-0.1067
679	-0.209
680	-0.1904
681	-0.06005
682	-0.3148
683	-0.3127
684	-0.2821
685	-0.2069
686	-0.2962
687	-0.2994
688	-0.2894
689	-0.3364
690	-0.2435
691	-0.3818
692	-0.2731
693	-0.2216
694	-0.2666
695	-0.3176
696	-0.261
697	-0.1129
698	-0.2951
699	-0.2869
700	-0.331
701	-0.4115
702	-0.3747
703	-0.328
704	-0.4299
705	-0.3615
706	-0.2683
707	-0.2433
708	-0.3209
709	-0.334
710	-0.1798
711	-0.2442
712	-0.1965
713	-0.1452
714	-0.268
715	-0.3409
716	-0.2188
717	-0.2977
718	-0.1777
719	-0.2257
720	-0.1382
721	-0.2513
722	-0.241
723	-0.3442
724	-0.1936
725	-0.2055
726	-0.2465
727	-0.2985
728	-0.2106
729	-0.1977
730	-0.27
731	-0.264
732	-0.2737
733	-0.3588
734	-0.3096
735	-0.4539
736	-0.3834
737	-0.4127
738	-0.3789
739	-0.2897
740	-0.4149
741	-0.4019
742	-0.3314
743	-0.3735
744	-0.3794
745	-0.3636
746	-0.4376
747	-0.3979
748	-0.2587
749	-0.2799
750	-0.174
201	0.481
202	0.4803
203	0.6496
204	0.6933
205	0.6853
206	0.6052
207	0.6164
208	0.5227
209	0.5621
210	0.5993
211	0.6922
212	0.6506
213	0.643
214	0.717
215	0.6186
216	0.5199
217	0.5884
218	0.674
219	0.8123
220	0.7023
221	0.6577
222	0.7646
223	0.89
224	0.9317
225	0.9624
226	0.9995
227	0.946
228	1.077
229	1.042
230	0.9829
231	0.8744
232	0.9602
233	0.8759
234	0.9063
235	0.9452
236	0.8335
237	0.8194
238	0.8009
239	0.8668
240	0.7614
241	0.802
242	0.7352
243	0.671
244	0.7272
245	0.6468
246	0.66
247	0.6167
248	0.6694
249	0.5789
250	0.5035
251	0.4253
252	0.4426
253	0.4765
254	0.4876
255	0.4717
256	0.3909
257	0.4643
258	0.5706
259	0.5674
260	0.6
261	0.5789
262	0.6451
263	0.6819
264	0.7056
265	0.753
266	0.6739
267	0.6491
268	0.5459
269	0.5807
270	0.652
271	0.78
272	0.7433
273	0.7644
274	0.7933
275	0.8372
276	0.6883
277	0.6168
278	0.7241
279	0.6495
280	0.6837
281	0.6334
282	0.6715
283	0.6986
284	0.6855
285	0.7568
286	0.7954
287	0.6743
288	0.7956
289	0.8161
290	0.9011
291	0.8042
292	0.8212
293	0.8021
294	0.687
295	0.7171
296	0.6704
297	0.7113
298	0.6462
299	0.6011
300	0.7143
301	0.7601
302	0.8337
303	0.6672
304	0.647
305	0.6093
306	0.6912
307	0.6241
308	0.6585
309	0.6117
310	0.583
311	0.6459
312	0.6011
313	0.5616
314	0.4287
315	0.4361
316	0.3627
317	0.4251
318	0.6612
319	0.6137
320	0.6775
321	0.7433
322	0.7862
323	0.7139
324	0.7194
325	0.5992
326	0.672
327	0.707
328	0.6953
329	0.7662
330	0.7948
331	0.8317
332	0.8189
333	0.822
334	0.7692
335	0.7706
336	0.7429
337	0.6481
338	0.7088
339	0.7396
340	0.6956
341	0.6613
342	0.6659
343	0.651
344	0.7191
345	0.7414
346	0.8504
347	0.7492
348	0.7249
349	0.6664
350	0.6735
351	0.8063
352	0.7972
353	0.8581
354	0.7657
355	0.7221
356	0.6558
357	0.7617
358	0.8432
359	0.9683
360	0.8943
361	0.8347
362	0.8675
363	0.8318
364	0.8256
365	0.748
366	0.6716
367	0.7235
368	0.6975
369	0.6117
370	0.6416
371	0.5578
372	0.5793
373	0.5481
374	0.5302
375	0.5692
376	0.5616
377	0.578
378	0.7136
379	0.7203
380	0.652
381	0.7279
382	0.7944
383	0.7393
384	0.8
385	0.7991
386	0.8053
387	0.9221
388	0.8279
389	0.7671
390	0.8301
391	0.8212
392	0.8789
393	0.8328
394	0.8314
395	0.8245
396	0.8562
397	0.6898
398	0.5974
399	0.7183
400	0.727
401	0.7428
402	0.7798
403	0.8226
404	0.7209
405	0.6431
406	0.6996
407	0.8187
408	0.7306
409	0.7196
410	0.5564
411	0.5034
412	0.6158
413	0.6413
414	0.6995
415	0.7342
416	0.9257
417	0.9736
418	0.7654
419	0.8756
420	0.7556
421	0.7379
422	0.8629
423	0.7441
424	0.7946
425	0.7824
426	0.843
427	0.808
428	0.7989
429	0.7516
430	0.6636
431	0.7972
432	0.7484
433	0.6688
434	0.6668
435	0.6678
436	0.6879
437	0.7144
438	0.6888
439	0.7149
440	0.7132
441	0.5561
442	0.5496
443	0.7092
444	0.7916
445	0.6299
446	0.6762
447	0.6383
448	0.64
449	0.6306
450	0.7723
451	0.7883
452	0.7822
453	0.7688
454	0.818
455	0.8027
456	0.8482
457	0.8191
458	0.7918
459	0.8316
460	0.8776
461	0.7159
462	0.7188
463	0.6966
464	0.7361
465	0.7337
466	0.7016
467	0.9645
468	1.014
469	0.924
470	0.9899
471	0.9361
472	0.9157
473	0.9261
474	0.848
475	0.8155
476	0.9307
477	0.9574
478	0.8187
479	0.8112
480	0.7775
481	0.6747
482	0.6537
483	0.628
484	0.7037
485	0.6637
486	0.6658
487	0.5559
488	0.5143
489	0.5643
490	0.6469
491	0.6915
492	0.6073
493	0.7472
494	0.5609
495	0.6472
496	0.6395
497	0.7958
498	0.7966
499	0.7571
500	0.661
501	0.5678
502	0.5911
503	0.625
504	0.5962
505	0.6546
506	0.8103
507	0.7007
508	0.7868
509	0.864
510	0.9206
511	0.8855
512	0.8222
513	0.7989
514	0.7519
515	0.7345
516	0.6591
517	0.6159
518	0.6274
519	0.5538
520	0.5735
521	0.5734
522	0.7308
523	0.6598
524	0.6654
525	0.9172
526	0.8481
527	0.7437
528	0.7239
529	0.7056
530	0.6967
531	0.6415
532	0.6821
533	0.5384
534	0.5257
535	0.6553
536	0.7068
537	0.7532
538	0.6653
539	0.7795
540	0.9853
541	0.9417
542	0.7999
543	0.8089
544	0.7918
545	0.7665
546	0.8289
547	0.8425
548	0.8234
549	0.9273
550	0.9198
551	0.7347
552	0.7918
553	0.8156
554	0.8112
555	0.7736
556	0.6785
557	0.8544
558	0.84
559	0.8122
560	0.7096
561	0.7098
562	0.4829
563	0.5481
564	0.6938
565	0.7531
566	0.6597
567	0.7366
568	0.6575
569	0.5591
570	0.6455
571	0.5999
572	0.422
573	0.4341
574	0.3538
575	0.4919
576	0.6798
577	0.5531
578	0.7045
579	0.6219
580	0.6607
581	0.7899
582	0.6845
583	0.8332
584	0.8043
585	0.7971
586	0.806
587	0.6088
588	0.6617
589	0.8292
590	0.8415
591	0.7198
592	0.7591
593	0.7516
594	0.839
595	0.8453
596	0.792
597	0.8933
598	0.8171
599	0.8574
600	0.8509
601	0.8875
602	0.8022
603	0.7872
604	0.7069
605	0.6966
606	0.7289
607	0.6865
608	0.6396
609	0.4081
610	0.3785
611	0.4128
612	0.4705
613	0.5431
614	0.5644
615	0.5886
616	0.5751
617	0.6015
618	0.5781
619	0.5569
620	0.6476
621	0.6132
622	0.4959
623	0.5391
624	0.5863
625	0.5746
626	0.5828
627	0.6289
628	0.6526
629	0.7291
630	0.6998
631	0.7335
632	0.6999
633	0.7173
634	0.7671
635	0.668
636	0.6981
637	0.7019
638	0.6747
639	0.644
640	0.6253
641	0.4868
642	0.514
643	0.6073
644	0.5803
645	0.6687
646	0.5765
647	0.5743
648	0.5019
649	0.5189
650	0.5738
651	0.6103
652	0.617
653	0.4576
654	0.4957
655	0.654
656	0.6222
657	0.6084
658	0.6109
659	0.6066
660	0.6486
661	0.6468
662	0.7388
663	0.7378
664	0.7273
665	0.5752
666	0.5421
667	0.5003
668	0.5025
669	0.5783
670	0.6662
671	0.6838
672	0.6286
673	0.6764
674	0.7358
675	0.7326
676	0.7317
677	0.7705
678	0.5537
679	0.6682
680	0.7362
681	0.7902
682	0.9067
683	1.013
684	0.9595
685	0.9086
686	0.9422
687	0.916
688	0.7998
689	0.7732
690	0.7752
691	0.8628
692	0.7738
693	0.746
694	0.785
695	0.6081
696	0.6751
697	0.6276
698	0.6936
699	0.6932
700	0.6884
701	0.7546
702	0.6881
703	0.6375
704	0.5807
705	0.6119
706	0.7466
707	0.6938
708	0.7919
709	0.6868
710	0.5692
711	0.612
712	0.6792
713	0.6246
714	0.7532
715	0.8417
716	0.8021
717	0.7282
718	0.6898
719	0.6529
720	0.6023
721	0.6528
722	0.5915
723	0.6543
724	0.6916
725	0.7831
726	0.847
727	0.7821
728	0.921
729	0.9734
730	0.8727
731	0.8203
732	0.8155
733	0.8397
734	0.7002
735	0.6844
736	0.6199
737	0.609
738	0.4751
739	0.4523
740	0.5338
741	0.6249
742	0.7468
743	0.779
744	0.624
745	0.7667
746	0.6416
747	0.6244
748	0.519
749	0.4954
750	0.5439
201	4178.0
202	4180.0
203	4179.0
204	4174.0
205	4162.0
206	4182.0
207	4172.0
208	4175.0
209	4192.0
210	4172.0
211	4179.0
212	4168.0
213	4172.0
214	4162.0
215	4174.0
216	4170.0
217	4177.0
218	4170.0
219	4180.0
220	4171.0
221	4176.0
222	4175.0
223	4173.0
224	4171.0
225	4176.0
226	4178.0
227	4170.0
228	4186.0
229	4180.0
230	4187.0
231	4174.0
232	4168.0
233	4172.0
234	4175.0
235	4165.0
236	4184.0
237	4172.0
238	4178.0
239	4177.0
240	4171.0
241	4168.0
242	4178.0
243	4171.0
244	4173.0
245	4186.0
246	4169.0
247	4175.0
248	4168.0
249	4182.0
250	4170.0
251	4187.0
252	4177.0
253	4173.0
254	4170.0
255	4178.0
256	4185.0
257	4179.0
258	4180.0
259	4171.0
260	4166.0
261	4168.0
262	4176.0
263	4166.0
264	4169.0
265	4172.0
266	4177.0
267	4179.0
268	4176.0
269	4179.0
270	4175.0
271	4184.0
272	4171.0
273	4179.0
274	4170.0
275	4176.0
276	4178.0
277	4177.0
278	4176.0
279	4192.0
280	4176.0
281	4178.0
282	4183.0
283	4175.0
284	4175.0
285	4180.0
286	4183.0
287	4183.0
288	4172.0
289	4175.0
290	4172.0
291	4167.0
292	4179.0
293	4176.0
294	4179.0
295	4172.0
296	4174.0
297	4177.0
298	4172.0
299	4169.0
300	4167.0
301	4173.0
302	4174.0
303	4180.0
304	4165.0
305	4165.0
306	4179.0
307	4174.0
308	4180.0
309	4166.0
310	4173.0
311	4170.0
312	4189.0
313	4178.0
314	4176.0
315	4181.0
316	4187.0
317	4173.0
318	4172.0
319	4167.0
320	4170.0
321	4174.0
322	4183.0
323	4176.0
324	4174.0
325	4174.0
326	4161.0
327	4174.0
328	4180.0
329	4164.0
330	4183.0
331	4168.0
332	4177.0
333	4173.0
334	4177.0
335	4172.0
336	4170.0
337	4174.0
338	4170.0
339	4173.0
340	4177.0
341	4165.0
342	4174.0
343	4182.0
344	4171.0
345	4172.0
346	4174.0
347	4174.0
348	4174.0
349	4178.0
350	4169.0
351	4172.0
352	4167.0
353	4183.0
354	4174.0
355	4165.0
356	4179.0
357	4173.0
358	4176.0
359	4177.0
360	4170.0
361	4172.0
362	4183.0
363	4175.0
364	4165.0
365	4170.0
366	4176.0
367	4174.0
368	4182.0
369	4172.0
370	4161.0
371	4172.0
372	4165.0
373	4169.0
374	4167.0
375	4171.0
376	4172.0
377	4179.0
378	4165.0
379	4168.0
380	4174.0
381	4170.0
382	4173.0
383	4165.0
384	4175.0
385	4172.0
386	4174.0
387	4170.0
388	4174.0
389	4181.0
390	4184.0
391	4182.0
392	4173.0
393	4177.0
394	4175.0
395	4185.0
396	4183.0
397	4176.0
398	4173.0
399	4193.0
400	4173.0
401	4178.0
402	4170.0
403	4177.0
404	4178.0
405	4173.0
406	4167.0
407	4191.0
408	4169.0
409	4170.0
410	4174.0
411	4168.0
412	4172.0
413	4163.0
414	4164.0
415	4171.0
416	4175.0
417	4170.0
418	4184.0
419	4173.0
420	4170.0
421	4170.0
422	4182.0
423	4174.0
424	4187.0
425	4174.0
426	4180.0
427	4173.0
428	4182.0
429	4171.0
430	4176.0
431	4174.0
432	4182.0
433	4176.0
434	4187.0
435	4169.0
436	4166.0
437	4167.0
438	4190.0
439	4180.0
440	4174.0
441	4180.0
442	4175.0
443	4169.0
444	4171.0
445	4177.0
446	4165.0
447	4167.0
448	4175.0
449	4181.0
450	4187.0
451	4179.0
452	4179.0
453	4175.0
454	4173.0
455	4182.0
456	4165.0
457	4172.0
458	4165.0
459	4180.0
460	4170.0
461	4189.0
462	4163.0
463	4168.0
464	4167.0
465	4184.0
466	4182.0
467	4181.0
468	4178.0
469	4170.0
470	4170.0
471	4177.0
472	4179.0
473	4182.0
474	4187.0
475	4171.0
476	4178.0
477	4175.0
478	4182.0
479	4170.0
480	4166.0
481	4173.0
482	4169.0
483	4184.0
484	4173.0
485	4173.0
486	4178.0
487	4180.0
488	4186.0
489	4179.0
490	4183.0
491	4175.0
492	4176.0
493	4174.0
494	4171.0
495	4169.0
496	4178.0
497	4170.0
498	4183.0
499	4176.0
500	4170.0
501	4176.0
502	4175.0
503	4185.0
504	4165.0
505	4174.0
506	4169.0
507	4164.0
508	4170.0
509	4178.0
510	4166.0
511	4170.0
512	4170.0
513	4167.0
514	4174.0
515	4179.0
516	4173.0
517	4170.0
518	4174.0
519	4195.0
520	4173.0
521	4178.0
522	4172.0
523	4165.0
524	4175.0
525	4173.0
526	4173.0
527	4168.0
528	4174.0
529	4191.0
530	4172.0
531	4176.0
532	4176.0
533	4181.0
534	4175.0
535	4175.0
536	4176.0
537	4179.0
538	4174.0
539	4173.0
540	4174.0
541	4169.0
542	4185.0
543	4174.0
544	4173.0
545	4165.0
546	4172.0
547	4170.0
548	4168.0
549	4177.0
550	4183.0
551	4176.0
552	4177.0
553	4177.0
554	4178.0
555	4175.0
556	4180.0
557	4174.0
558	4170.0
559	4170.0
560	4172.0
561	4166.0
562	4183.0
563	4183.0
564	4172.0
565	4178.0
566	4164.0
567	4171.0
568	4176.0
569	4174.0
570	4179.0
571	4178.0
572	4182.0
573	4176.0
574	4186.0
575	4182.0
576	4180.0
577	4169.0
578	4172.0
579	4182.0
580	4176.0
581	4169.0
582	4170.0
583	4160.0
584	4170.0
585	4192.0
586	4170.0
587	4174.0
588	4171.0
589	4172.0
590	4163.0
591	4182.0
592	4170.0
593	4166.0
594	4176.0
595	4171.0
596	4166.0
597	4163.0
598	4167.0
599	4175.0
600	4193.0
601	4177.0
602	4177.0
603	4174.0
604	4169.0
605	4172.0
606	4172.0
607	4162.0
608	4173.0
609	4184.0
610	4192.0
611	4183.0
612	4175.0
613	4171.0
614	4167.0
615	4186.0
616	4179.0
617	4175.0
618	4172.0
619	4182.0
620	4179.0
621	4178.0
622	4175.0
623	4181.0
624	4171.0
625	4168.0
626	4175.0
627	4182.0
628	4174.0
629	4173.0
630	4164.0
631	4177.0
632	4184.0
633	4166.0
634	4169.0
635	4169.0
636	4170.0
637	4170.0
638	4177.0
639	4186.0
640	4174.0
641	4174.0
642	4183.0
643	4176.0
644	4179.0
645	4174.0
646	4179.0
647	4164.0
648	4177.0
649	4175.0
650	4164.0
651	4168.0
652	4169.0
653	4175.0
654	4166.0
655	4178.0
656	4172.0
657	4171.0
658	4172.0
659	4176.0
660	4168.0
661	4168.0
662	4180.0
663	4184.0
664	4174.0
665	4178.0
666	4175.0
667	4172.0
668	4171.0
669	4181.0
670	4180.0
671	4166.0
672	4175.0
673	4166.0
674	4174.0
675	4163.0
676	4164.0
677	4168.0
678	4169.0
679	4167.0
680	4169.0
681	4179.0
682	4170.0
683	4184.0
684	4171.0
685	4174.0
686	4171.0
687	4177.0
688	4168.0
689	4178.0
690	4170.0
691	4179.0
692	4177.0
693	4183.0
694	4174.0
695	4170.0
696	4171.0
697	4185.0
698	4172.0
699	4174.0
700	4170.0
701	4171.0
702	4173.0
703	4179.0
704	4176.0
705	4179.0
706	4171.0
707	4171.0
708	4163.0
709	4172.0
710	4175.0
711	4170.0
712	4170.0
713	4178.0
714	4172.0
715	4171.0
716	4175.0
717	4175.0
718	4171.0
719	4175.0
720	4173.0
721	4176.0
722	4181.0
723	4176.0
724	4181.0
725	4166.0
726	4175.0
727	4181.0
728	4176.0
729	4188.0
730	4177.0
731	4180.0
732	4166.0
733	4168.0
734	4164.0
735	4176.0
736	4182.0
737	4176.0
738	4180.0
739	4191.0
740	4166.0
741	4180.0
742	4167.0
743	4168.0
744	4167.0
745	4173.0
746	4178.0
747	4179.0
748	4194.0
749	4165.0
750	4177.0
201	12.35
202	7.836
203	44.53
204	24.26
205	10.98
206	19.96
207	32.96
208	8.099
209	10.9
210	18.72
211	12.79
212	14.55
213	32.9
214	6.032
215	13.44
216	12.2
217	9.912
218	9.347
219	9.442
220	7.832
221	16.13
222	19.07
223	10.88
224	9.04
225	4.597
226	30.41
227	24.13
228	68.71
229	34.2
230	39.8
231	18.91
232	7.256
233	9.527
234	16.51
235	4.913
236	27.95
237	11.3
238	14.5
239	13.07
240	8.837
241	12.8
242	19.59
243	20.69
244	22.45
245	4.983
246	12.91
247	8.768
248	4.78
249	12.92
250	5.418
251	15.04
252	24.81
253	14.09
254	10.26
255	11.54
256	11.08
257	18.99
258	17.15
259	10.6
260	13.25
261	8.584
262	7.97
263	18.75
264	7.099
265	37.95
266	14.73
267	12.11
268	7.937
269	17.19
270	30.71
271	53.48
272	9.173
273	20.92
274	27.23
275	19.42
276	12.56
277	14.21
278	14.87
279	40.55
280	77.56
281	49.49
282	19.3
283	13.16
284	22.07
285	34.2
286	35.64
287	48.12
288	19.19
289	12.26
290	11.46
291	15.85
292	23.58
293	16.98
294	40.76
295	16.0
296	9.077
297	70.84
298	29.28
299	16.55
300	24.06
301	30.26
302	15.89
303	18.37
304	9.809
305	17.03
306	30.9
307	9.572
308	8.475
309	20.67
310	31.12
311	19.59
312	11.67
313	14.37
314	8.579
315	36.58
316	17.02
317	12.0
318	22.12
319	19.11
320	16.26
321	9.799
322	24.41
323	16.6
324	19.89
325	16.77
326	15.38
327	21.09
328	21.96
329	19.44
330	51.89
331	11.94
332	19.88
333	18.96
334	4.424
335	5.284
336	7.961
337	4.25
338	5.871
339	8.413
340	11.96
341	4.273
342	4.966
343	5.586
344	15.07
345	11.11
346	22.82
347	8.403
348	16.1
349	10.37
350	16.73
351	16.17
352	14.19
353	7.507
354	17.6
355	17.35
356	30.25
357	17.36
358	3.055
359	15.59
360	13.84
361	12.93
362	28.04
363	2.609
364	6.293
365	10.76
366	22.35
367	10.58
368	12.81
369	26.49
370	7.453
371	8.37
372	11.24
373	14.9
374	20.01
375	8.886
376	29.48
377	10.65
378	17.54
379	19.11
380	25.57
381	21.46
382	9.253
383	4.566
384	7.574
385	9.863
386	20.36
387	7.669
388	19.07
389	46.71
390	24.84
391	49.58
392	64.73
393	41.29
394	17.11
395	24.91
396	9.109
397	9.962
398	14.9
399	108.3
400	8.809
401	6.593
402	15.67
403	47.16
404	17.09
405	23.66
406	22.59
407	4.257
408	9.122
409	12.37
410	16.84
411	12.03
412	7.404
413	24.1
414	10.13
415	12.23
416	10.44
417	9.467
418	24.64
419	20.9
420	9.318
421	25.34
422	19.05
423	17.72
424	25.08
425	14.83
426	18.14
427	26.47
428	36.98
429	17.46
430	14.76
431	30.93
432	10.44
433	7.961
434	9.8
435	11.41
436	10.5
437	18.73
438	14.84
439	17.3
440	9.818
441	12.19
442	13.0
443	7.511
444	16.58
445	10.94
446	10.87
447	10.95
448	13.03
449	26.36
450	33.42
451	19.53
452	16.65
453	62.37
454	9.735
455	19.3
456	15.13
457	17.52
458	26.3
459	15.51
460	33.49
461	32.24
462	6.474
463	10.08
464	14.87
465	16.38
466	54.71
467	52.15
468	8.506
469	21.07
470	10.79
471	23.54
472	7.249
473	13.55
474	14.54
475	8.109
476	17.73
477	8.97
478	20.42
479	9.332
480	7.235
481	6.436
482	37.63
483	53.12
484	12.81
485	47.72
486	19.23
487	10.99
488	15.84
489	10.85
490	10.06
491	6.839
492	13.89
493	23.31
494	15.71
495	15.94
496	12.52
497	21.22
498	23.14
499	9.813
500	13.05
501	6.604
502	18.33
503	22.08
504	8.869
505	7.009
506	8.063
507	4.095
508	25.48
509	28.08
510	8.595
511	10.98
512	8.959
513	10.78
514	5.572
515	9.685
516	12.91
517	11.75
518	15.88
519	32.78
520	28.1
521	30.85
522	14.53
523	16.19
524	18.24
525	9.848
526	12.28
527	14.31
528	17.74
529	38.17
530	16.58
531	11.12
532	20.06
533	2.762
534	26.07
535	27.27
536	7.717
537	37.18
538	8.492
539	8.628
540	23.57
541	8.155
542	17.65
543	25.14
544	13.17
545	8.826
546	16.59
547	5.495
548	3.229
549	21.15
550	5.583
551	17.83
552	16.19
553	19.05
554	13.07
555	11.34
556	12.25
557	27.42
558	11.57
559	17.36
560	36.07
561	3.297
562	12.85
563	21.57
564	5.596
565	7.082
566	11.59
567	3.292
568	8.032
569	4.759
570	1.659
571	6.921
572	3.109
573	4.564
574	1.842
575	3.558
576	2.174
577	7.142
578	5.326
579	2.381
580	5.045
581	6.422
582	5.723
583	13.49
584	14.8
585	19.73
586	14.38
587	23.58
588	11.54
589	4.089
590	4.418
591	6.906
592	20.06
593	16.49
594	16.49
595	13.63
596	34.89
597	10.2
598	11.26
599	16.15
600	13.78
601	6.775
602	26.05
603	12.2
604	6.943
605	13.88
606	8.992
607	8.718
608	20.29
609	10.67
610	6.34
611	6.11
612	10.97
613	10.53
614	8.997
615	23.89
616	14.34
617	31.05
618	6.06
619	16.19
620	24.05
621	9.182
622	25.28
623	6.597
624	12.55
625	11.87
626	19.25
627	21.33
628	5.899
629	7.457
630	15.02
631	20.93
632	26.16
633	15.02
634	11.98
635	8.211
636	12.97
637	18.94
638	33.08
639	34.6
640	24.63
641	42.03
642	17.54
643	7.548
644	8.127
645	11.7
646	9.35
647	6.908
648	5.353
649	10.17
650	6.967
651	3.838
652	9.777
653	26.39
654	33.98
655	25.79
656	12.4
657	18.74
658	23.32
659	45.11
660	3.558
661	17.11
662	19.62
663	4.578
664	8.517
665	11.46
666	8.314
667	11.92
668	16.83
669	13.92
670	23.12
671	48.74
672	14.26
673	8.754
674	20.08
675	16.08
676	15.73
677	13.99
678	16.63
679	9.399
680	38.18
681	14.46
682	2.33
683	33.58
684	31.64
685	25.69
686	26.9
687	14.03
688	7.548
689	25.39
690	6.162
691	15.8
692	10.2
693	21.95
694	17.21
695	18.73
696	8.053
697	12.07
698	12.69
699	23.91
700	14.98
701	14.11
702	15.27
703	5.749
704	18.75
705	2.606
706	6.213
707	11.33
708	8.965
709	3.929
710	4.373
711	1.813
712	3.822
713	9.59
714	20.34
715	39.66
716	12.4
717	6.454
718	9.149
719	9.28
720	3.058
721	6.721
722	11.41
723	18.88
724	8.798
725	14.18
726	26.03
727	20.71
728	22.3
729	11.1
730	8.343
731	75.71
732	17.85
733	4.592
734	4.188
735	5.442
736	6.057
737	10.09
738	25.52
739	41.48
740	28.32
741	11.37
742	11.92
743	39.63
744	26.88
745	7.537
746	21.4
747	10.27
748	7.08
749	8.811
750	21.78
201	747.9
202	443.4
203	949.9
204	465.1
205	163.4
206	273.8
207	140.3
208	54.88
209	152.5
210	330.5
211	76.62
212	174.4
213	21.19
214	133.1
215	79.12
216	55.37
217	263.8
218	90.66
219	77.38
220	54.56
221	369.2
222	381.6
223	647.6
224	51.03
225	101.7
226	137.2
227	206.8
228	100.9
229	195.4
230	712.7
231	4179.0
232	655.2
233	856.7
234	883.9
235	576.8
236	278.0
237	72.94
238	139.1
239	175.7
240	706.3
241	721.1
242	640.9
243	1103.0
244	594.3
245	590.3
246	308.7
247	371.4
248	61.97
249	22.3
250	47.72
251	65.81
252	29.54
253	29.46
254	47.48
255	68.57
256	495.3
257	551.3
258	653.7
259	678.0
260	352.9
261	180.8
262	625.8
263	226.9
264	199.6
265	134.7
266	162.7
267	63.48
268	200.3
269	387.2
270	410.2
271	852.8
272	700.4
273	815.4
274	257.7
275	178.4
276	609.9
277	529.3
278	477.7
279	248.6
280	185.4
281	418.3
282	1279.0
283	315.3
284	938.9
285	495.1
286	1025.0
287	1301.0
288	2998.0
289	1099.0
290	496.5
291	89.08
292	317.1
293	1192.0
294	1906.0
295	1402.0
296	349.5
297	392.2
298	32.83
299	54.23
300	80.79
301	54.04
302	34.71
303	101.2
304	86.65
305	32.42
306	251.3
307	312.7
308	241.0
309	67.34
310	75.54
311	66.1
312	522.3
313	3951.0
314	2522.0
315	2276.0
316	577.4
317	122.0
318	62.98
319	111.6
320	1388.0
321	451.2
322	318.0
323	198.7
324	231.0
325	116.0
326	99.69
327	120.4
328	348.6
329	54.32
330	43.75
331	75.62
332	154.4
333	198.6
334	102.1
335	180.2
336	120.5
337	126.4
338	321.2
339	260.6
340	568.4
341	231.1
342	180.0
343	247.7
344	1302.0
345	1783.0
346	1219.0
347	1536.0
348	564.5
349	448.0
350	201.2
351	57.55
352	15.3
353	93.09
354	205.8
355	42.1
356	260.8
357	179.1
358	476.7
359	703.8
360	491.2
361	505.4
362	649.6
363	183.5
364	83.94
365	190.8
366	282.5
367	229.5
368	21.0
369	78.13
370	29.4
371	315.1
372	240.5
373	118.1
374	113.0
375	82.96
376	112.5
377	169.3
378	63.69
379	23.15
380	47.81
381	125.1
382	520.7
383	44.04
384	96.68
385	79.27
386	119.3
387	211.6
388	107.6
389	85.94
390	287.0
391	309.2
392	79.22
393	129.9
394	766.6
395	1699.0
396	170.5
397	50.63
398	396.8
399	267.1
400	54.74
401	64.08
402	126.5
403	41.75
404	36.86
405	257.8
406	156.1
407	380.2
408	222.2
409	49.87
410	134.4
411	64.16
412	24.17
413	37.01
414	46.56
415	36.84
416	40.01
417	78.26
418	347.3
419	194.1
420	63.17
421	30.65
422	43.54
423	37.64
424	24.87
425	73.7
426	276.9
427	179.9
428	41.14
429	13.92
430	197.3
431	829.9
432	626.4
433	138.3
434	203.9
435	79.31
436	185.7
437	236.2
438	808.0
439	1412.0
440	154.5
441	477.7
442	167.6
443	172.7
444	294.3
445	255.0
446	82.29
447	127.7
448	157.2
449	139.5
450	78.21
451	23.18
452	46.49
453	165.2
454	55.73
455	24.0
456	73.35
457	163.4
458	219.5
459	379.6
460	125.8
461	13.45
462	91.83
463	26.5
464	120.2
465	285.7
466	219.0
467	1284.0
468	831.8
469	450.7
470	727.8
471	515.6
472	2154.0
473	1203.0
474	458.8
475	495.6
476	284.6
477	245.2
478	81.55
479	62.85
480	47.54
481	50.84
482	45.94
483	27.54
484	46.87
485	84.45
486	303.6
487	699.8
488	538.1
489	246.0
490	485.6
491	220.7
492	628.4
493	1023.0
494	200.2
495	36.99
496	351.4
497	705.8
498	761.2
499	1406.0
500	583.4
501	2203.0
502	433.4
503	51.86
504	50.98
505	31.41
506	121.6
507	74.61
508	67.21
509	101.5
510	148.3
511	409.2
512	176.5
513	365.3
514	639.5
515	761.7
516	1457.0
517	916.3
518	935.1
519	2435.0
520	1108.0
521	1089.0
522	1910.0
523	715.2
524	255.1
525	105.9
526	246.6
527	433.4
528	148.3
529	139.4
530	103.9
531	604.6
532	540.1
533	64.04
534	135.8
535	252.6
536	941.9
537	386.3
538	413.7
539	116.2
540	227.2
541	124.2
542	153.0
543	238.0
544	91.57
545	50.28
546	209.4
547	222.4
548	167.8
549	629.6
550	484.1
551	702.5
552	880.8
553	1387.0
554	571.9
555	583.1
556	1266.0
557	458.7
558	304.0
559	65.01
560	141.7
561	125.9
562	252.0
563	585.6
564	199.1
565	37.46
566	94.24
567	205.9
568	96.68
569	409.9
570	981.6
571	389.3
572	474.6
573	245.9
574	593.6
575	546.0
576	1249.0
577	483.9
578	1140.0
579	1118.0
580	624.7
581	243.2
582	155.9
583	65.89
584	102.5
585	555.9
586	436.7
587	684.9
588	561.3
589	237.4
590	78.52
591	49.92
592	165.7
593	60.93
594	185.7
595	25.22
596	60.4
597	238.2
598	32.05
599	178.8
600	570.9
601	1436.0
602	2221.0
603	440.3
604	316.9
605	194.2
606	234.2
607	71.72
608	151.8
609	239.0
610	361.0
611	887.6
612	940.9
613	454.5
614	23.23
615	36.65
616	36.51
617	57.34
618	721.3
619	1829.0
620	584.1
621	914.7
622	490.2
623	306.7
624	330.2
625	51.0
626	213.1
627	405.1
628	520.1
629	470.2
630	363.2
631	243.3
632	130.2
633	385.6
634	191.2
635	189.0
636	199.3
637	121.3
638	742.3
639	195.2
640	72.94
641	218.1
642	474.0
643	317.2
644	503.8
645	422.2
646	217.9
647	154.5
648	81.48
649	66.54
650	90.3
651	34.44
652	22.2
653	205.2
654	260.5
655	107.3
656	118.9
657	104.3
658	535.6
659	641.0
660	418.0
661	177.5
662	242.6
663	335.8
664	910.0
665	754.1
666	301.0
667	340.0
668	470.5
669	101.0
670	352.7
671	179.2
672	600.5
673	154.0
674	29.1
675	32.18
676	58.13
677	29.15
678	88.03
679	62.24
680	63.88
681	68.57
682	182.5
683	300.4
684	102.1
685	291.5
686	200.6
687	136.4
688	297.7
689	649.1
690	1500.0
691	1860.0
692	1860.0
693	3025.0
694	1196.0
695	3369.0
696	1398.0
697	725.3
698	222.8
699	171.9
700	145.6
701	152.0
702	52.09
703	216.4
704	99.9
705	294.0
706	521.6
707	827.8
708	353.6
709	126.9
710	763.8
711	188.8
712	143.4
713	93.76
714	59.1
715	64.04
716	43.53
717	67.15
718	140.7
719	342.4
720	545.3
721	452.6
722	654.7
723	513.4
724	546.9
725	448.0
726	177.1
727	246.6
728	922.1
729	1757.0
730	1388.0
731	471.3
732	125.3
733	14.88
734	36.49
735	102.7
736	166.8
737	223.9
738	183.2
739	47.76
740	77.13
741	126.3
742	15.79
743	28.32
744	34.11
745	18.31
746	37.34
747	145.6
748	41.85
749	231.1
750	115.0
