35	-0.3522
36	-0.6793
37	-0.4776
38	-0.5307
39	-0.9079
40	-1.33
41	-1.41
42	-1.663
43	-1.225
44	-1.597
45	-1.55
46	-1.111
47	-0.675
48	-0.5918
49	-0.9397
50	-0.3819
51	-0.3391
52	-0.453
53	-0.2519
54	-0.2403
55	-0.1145
56	-0.229
57	-0.1459
58	0.1392
59	-0.2841
60	-0.4272
61	-0.6324
62	-0.6111
63	-0.4609
64	-0.7323
65	-0.6072
66	-0.6735
67	-0.3557
68	-0.2726
69	-0.8504
70	-0.4545
71	-0.1419
72	-0.07821
73	-0.2279
74	-0.2583
75	-0.5927
76	-0.7571
77	-0.7881
78	-0.6703
79	-0.6264
80	-0.5275
81	-0.4123
82	-0.5019
83	-0.4018
84	-0.8275
85	-0.7419
86	-0.8656
87	-0.7677
88	-0.1616
89	-0.3727
90	-0.2573
91	-0.2269
92	-0.3663
93	-0.4892
94	-0.5115
95	-0.3865
96	-0.1435
97	-0.1611
98	-0.366
99	-0.124
100	-0.5842
101	-0.7898
102	-0.4144
103	-0.1522
104	-0.5164
105	-0.7762
106	-0.502
107	-0.6925
108	-0.6355
109	-0.4405
110	-0.6453
111	-0.9225
112	-0.717
113	-1.037
114	-0.7646
115	-0.8595
116	-0.41
117	-0.197
118	-0.309
119	-0.5664
120	-0.5395
121	-0.4786
122	-0.5816
123	-0.4748
124	-0.4477
125	-0.4621
126	-0.4776
127	-0.1027
128	-0.1223
129	-0.3047
130	0.0562
131	-0.4264
132	-0.736
133	-0.3912
134	-0.5808
135	-0.7261
136	-0.6739
137	-1.225
138	-1.017
139	-0.7266
140	-0.598
141	-0.6652
142	-0.5139
143	-0.5826
144	-0.3921
145	-0.7996
146	-0.9887
147	-0.8701
148	-0.6513
149	-0.4784
150	-0.5027
151	-0.5558
152	-0.5395
153	-0.514
154	-0.8632
155	-0.2855
156	-0.8449
157	-0.6857
158	-1.077
159	-0.8788
160	-1.02
161	-0.6871
162	-0.726
163	-0.561
164	-0.6526
165	-1.141
166	-0.633
167	-0.5893
168	-0.3092
35	-0.5569
36	-0.4805
37	-0.4399
38	-0.6545
39	-0.5647
40	-0.5975
41	-0.6884
42	-0.5651
43	-0.6069
44	-0.5453
45	-0.5408
46	-0.4699
47	-0.4523
48	-0.6755
49	-0.451
50	-0.5754
51	-0.5611
52	-0.5245
53	-0.5004
54	-0.5462
55	-0.6232
56	-0.6474
57	-0.627
58	-0.7331
59	-0.415
60	-0.5908
61	-0.5248
62	-0.6224
63	-0.6387
64	-0.6775
65	-0.542
66	-0.5086
67	-0.4907
68	-0.6118
69	-0.5933
70	-0.7446
71	-0.6527
72	-0.559
73	-0.7903
74	-0.5102
75	-0.5128
76	-0.6012
77	-0.6998
78	-0.5011
79	-0.6503
80	-0.7193
81	-0.681
82	-0.6767
83	-0.6624
84	-0.6245
85	-0.502
86	-0.5933
87	-0.5825
88	-0.6117
89	-0.6504
90	-0.5893
91	-0.6906
92	-0.5803
93	-0.5429
94	-0.5675
95	-0.4928
96	-0.5327
97	-0.696
98	-0.6225
99	-0.715
100	-0.6635
101	-0.5728
102	-0.4372
103	-0.6985
104	-0.5042
105	-0.4704
106	-0.6253
107	-0.5386
108	-0.5124
109	-0.4289
110	-0.5792
111	-0.5343
112	-0.5183
113	-0.4597
114	-0.528
115	-0.6027
116	-0.6218
117	-0.4662
118	-0.494
119	-0.518
120	-0.5806
121	-0.5943
122	-0.5959
123	-0.6489
124	-0.533
125	-0.5506
126	-0.521
127	-0.6262
128	-0.4133
129	-0.6088
130	-0.5601
131	-0.4268
132	-0.5078
133	-0.4926
134	-0.5312
135	-0.5394
136	-0.6198
137	-0.7592
138	-0.5109
139	-0.5425
140	-0.5455
141	-0.4797
142	-0.5531
143	-0.6159
144	-0.4631
145	-0.5477
146	-0.5436
147	-0.6136
148	-0.615
149	-0.6484
150	-0.6455
151	-0.4602
152	-0.6089
153	-0.4673
154	-0.6053
155	-0.6084
156	-0.4653
157	-0.5548
158	-0.6629
159	-0.6678
160	-0.7037
161	-0.5809
162	-0.5588
163	-0.5486
164	-0.6902
165	-0.5125
166	-0.7572
167	-0.4929
168	-0.7871
35	-0.217
36	-0.1785
37	-0.1508
38	-0.3229
39	-0.2318
40	-0.2882
41	-0.345
42	-0.3029
43	-0.3382
44	-0.09525
45	-0.2294
46	-0.1863
47	-0.2022
48	-0.3389
49	-0.3414
50	-0.3457
51	-0.3561
52	-0.2713
53	-0.2162
54	-0.08796
55	-0.2198
56	-0.2906
57	-0.2222
58	-0.2749
59	-0.2342
60	-0.2416
61	-0.1489
62	-0.2137
63	-0.2504
64	-0.2693
65	-0.2882
66	-0.3312
67	-0.3569
68	-0.2824
69	-0.2707
70	-0.1915
71	-0.2253
72	-0.2303
73	-0.2446
74	-0.1406
75	-0.3803
76	-0.294
77	-0.3094
78	-0.39
79	-0.1224
80	-0.109
81	-0.3595
82	-0.2963
83	-0.2966
84	-0.1759
85	-0.1773
86	-0.2301
87	-0.28
88	-0.3661
89	-0.2729
90	-0.2951
91	-0.2277
92	-0.3426
93	-0.2066
94	-0.2371
95	-0.05946
96	-0.2426
97	-0.1966
98	-0.2941
99	-0.3261
100	-0.4051
101	-0.3013
102	-0.328
103	-0.2068
104	-0.2241
105	-0.2343
106	-0.2795
107	-0.3931
108	-0.1498
109	-0.33
110	-0.2064
111	-0.2685
112	-0.248
113	-0.2555
114	-0.4947
115	-0.2611
116	-0.1975
117	-0.179
118	-0.201
119	-0.1779
120	-0.272
121	-0.3319
122	-0.2098
123	-0.2592
124	-0.2957
125	-0.2157
126	-0.3336
127	-0.2372
128	-0.2833
129	-0.2885
130	-0.179
131	-0.03922
132	-0.2582
133	-0.1251
134	-0.2077
135	-0.2058
136	-0.1745
137	-0.2929
138	-0.3102
139	-0.2299
140	-0.02079
141	-0.3194
142	-0.1511
143	-0.2292
144	-0.3159
145	-0.2412
146	-0.2035
147	-0.3219
148	-0.3798
149	-0.1409
150	-0.2459
151	-0.4164
152	-0.09759
153	-0.2432
154	-0.2537
155	-0.3172
156	-0.1548
157	-0.2255
158	-0.1456
159	-0.1638
160	-0.3464
161	-0.2872
162	-0.1155
163	-0.1533
164	-0.2601
165	-0.333
166	-0.1542
167	-0.4119
168	-0.01963
35	4133.0
36	4141.0
37	4148.0
38	4144.0
39	4143.0
40	4144.0
41	4152.0
42	4137.0
43	4152.0
44	4139.0
45	4139.0
46	4136.0
47	4146.0
48	4141.0
49	4140.0
50	4140.0
51	4148.0
52	4139.0
53	4140.0
54	4155.0
55	4134.0
56	4148.0
57	4136.0
58	4132.0
59	4167.0
60	4141.0
61	4145.0
62	4138.0
63	4147.0
64	4147.0
65	4141.0
66	4149.0
67	4142.0
68	4133.0
69	4142.0
70	4143.0
71	4152.0
72	4143.0
73	4158.0
74	4154.0
75	4144.0
76	4141.0
77	4148.0
78	4146.0
79	4140.0
80	4144.0
81	4147.0
82	4154.0
83	4140.0
84	4142.0
85	4147.0
86	4146.0
87	4144.0
88	4140.0
89	4148.0
90	4152.0
91	4147.0
92	4131.0
93	4136.0
94	4146.0
95	4142.0
96	4145.0
97	4145.0
98	4148.0
99	4158.0
100	4138.0
101	4152.0
102	4145.0
103	4150.0
104	4158.0
105	4140.0
106	4139.0
107	4141.0
108	4143.0
109	4144.0
110	4144.0
111	4152.0
112	4143.0
113	4144.0
114	4154.0
115	4150.0
116	4145.0
117	4147.0
118	4153.0
119	4137.0
120	4147.0
121	4157.0
122	4145.0
123	4148.0
124	4144.0
125	4139.0
126	4155.0
127	4142.0
128	4144.0
129	4133.0
130	4149.0
131	4146.0
132	4140.0
133	4150.0
134	4146.0
135	4141.0
136	4141.0
137	4146.0
138	4139.0
139	4148.0
140	4151.0
141	4145.0
142	4141.0
143	4141.0
144	4144.0
145	4136.0
146	4141.0
147	4134.0
148	4148.0
149	4146.0
150	4145.0
151	4146.0
152	4149.0
153	4154.0
154	4152.0
155	4139.0
156	4155.0
157	4143.0
158	4141.0
159	4156.0
160	4145.0
161	4141.0
162	4140.0
163	4139.0
164	4139.0
165	4141.0
166	4149.0
167	4142.0
168	4159.0
35	0.3622
36	0.156
37	0.2463
38	0.3363
39	0.5317
40	0.2693
41	0.7334
42	0.6733
43	6.831
44	8.331
45	13.77
46	10.86
47	11.0
48	25.64
49	18.46
50	9.292
51	17.7
52	1.489
53	27.99
54	6.382
55	6.235
56	8.0
57	8.542
58	10.57
59	27.48
60	8.862
61	8.324
62	10.81
63	4.837
64	12.53
65	5.633
66	20.76
67	4.634
68	19.47
69	6.946
70	12.66
71	14.82
72	17.64
73	7.176
74	6.169
75	6.313
76	13.22
77	4.874
78	4.946
79	7.952
80	16.3
81	23.18
82	7.454
83	4.461
84	11.63
85	9.271
86	29.46
87	11.9
88	21.28
89	16.52
90	4.166
91	9.829
92	10.57
93	6.1
94	5.024
95	5.551
96	22.99
97	12.04
98	34.9
99	37.86
100	6.813
101	26.65
102	4.407
103	21.07
104	24.12
105	13.13
106	9.323
107	4.209
108	8.25
109	14.34
110	21.56
111	12.8
112	11.1
113	11.28
114	7.545
115	8.735
116	18.82
117	32.63
118	9.769
119	11.53
120	4.93
121	11.36
122	19.26
123	23.34
124	24.24
125	11.75
126	19.02
127	15.45
128	10.17
129	17.68
130	30.47
131	6.269
132	15.89
133	28.14
134	9.18
135	9.581
136	8.077
137	15.52
138	10.69
139	21.57
140	47.03
141	13.84
142	24.74
143	16.17
144	5.564
145	9.659
146	3.667
147	24.98
148	12.92
149	16.15
150	9.776
151	10.32
152	4.803
153	97.1
154	4.17
155	9.512
156	9.985
157	5.069
158	30.03
159	15.49
160	4.224
161	17.14
162	23.7
163	9.66
164	11.04
165	35.22
166	12.41
167	6.727
168	7.034
35	0.008891
36	0.2654
37	0.1509
38	0.1249
39	0.1562
40	0.4929
41	1.225
42	3.29
43	1.178
44	1.004
45	0.9535
46	2.279
47	2.894
48	1.554
49	3.645
50	9.208
51	4.51
52	3.664
53	1.568
54	0.2273
55	2.028
56	1.766
57	1.431
58	1.597
59	8.373
60	0.8892
61	1.542
62	9.282
63	2.58
64	1.355
65	2.827
66	3.612
67	5.815
68	1.181
69	4.333
70	4.126
71	3.406
72	1.815
73	1.739
74	1.355
75	0.586
76	5.951
77	2.273
78	5.508
79	2.92
80	0.3352
81	12.47
82	9.09
83	1.154
84	5.445
85	1.76
86	2.399
87	1.821
88	6.231
89	9.041
90	6.187
91	1.771
92	0.7832
93	2.739
94	3.847
95	1.188
96	2.708
97	1.601
98	7.403
99	1.822
100	6.111
101	1.48
102	3.464
103	2.677
104	2.916
105	1.395
106	7.683
107	0.4714
108	2.511
109	5.125
110	7.117
111	3.25
112	0.9405
113	1.831
114	5.108
115	6.679
116	2.82
117	2.092
118	1.28
119	2.44
120	3.234
121	3.73
122	2.297
123	0.2672
124	1.205
125	1.755
126	0.476
127	5.686
128	5.44
129	2.479
130	0.9929
131	0.9634
132	4.204
133	2.303
134	1.962
135	1.911
136	1.104
137	0.8832
138	2.518
139	7.322
140	3.295
141	1.359
142	1.13
143	0.585
144	1.334
145	0.2531
146	3.045
147	2.52
148	2.036
149	0.6171
150	3.456
151	3.019
152	6.681
153	6.124
154	2.12
155	1.569
156	1.82
157	1.382
158	1.876
159	1.861
160	2.755
161	3.816
162	1.752
163	0.6306
164	1.359
165	3.674
166	2.128
167	2.101
168	0.5184
35	42.85
36	61.26
37	136.7
38	289.8
39	445.4
40	197.5
41	244.1
42	180.7
43	101.4
44	171.4
45	407.9
46	711.0
47	215.4
48	254.7
49	255.7
50	144.5
51	66.24
52	130.5
53	460.7
54	159.8
55	133.2
56	36.15
57	24.04
58	33.19
59	299.1
60	444.9
61	1175.0
62	747.6
63	1241.0
64	39.12
65	254.3
66	86.61
67	124.3
68	172.4
69	53.55
70	89.96
71	61.29
72	135.4
73	553.3
74	22.23
75	1669.0
76	409.5
77	588.3
78	112.6
79	60.32
80	97.71
81	56.64
82	145.5
83	201.3
84	84.65
85	662.7
86	613.0
87	671.2
88	29.44
89	43.07
90	561.4
91	269.4
92	316.1
93	53.58
94	2139.0
95	244.5
96	87.41
97	298.9
98	605.5
99	618.6
100	352.7
101	1797.0
102	36.09
103	76.35
104	41.45
105	572.8
106	87.1
107	407.0
108	142.5
109	246.5
110	175.8
111	421.6
112	162.4
113	893.9
114	141.3
115	82.82
116	1018.0
117	295.9
118	410.9
119	118.2
120	249.9
121	584.7
122	53.27
123	133.7
124	269.4
125	697.3
126	877.3
127	303.5
128	867.6
129	138.8
130	585.3
131	175.2
132	832.4
133	230.6
134	524.6
135	2172.0
136	17.65
137	83.36
138	81.2
139	296.9
140	116.4
141	44.21
142	1059.0
143	88.5
144	105.1
145	37.15
146	143.4
147	56.7
148	158.3
149	483.9
150	68.97
151	151.6
152	26.11
153	69.32
154	92.59
155	1834.0
156	92.97
157	77.7
158	104.4
159	50.27
160	166.9
161	216.3
162	35.2
163	219.9
164	237.6
165	149.7
166	16.16
167	149.1
168	213.8
