201	-0.3591
202	-0.3941
203	-0.3612
204	-0.3477
205	-0.3608
206	-0.5361
207	-0.5221
208	-0.4468
209	-0.3773
210	-0.5065
211	-0.5087
212	-0.6157
213	-0.5574
214	-0.6049
215	-0.5675
216	-0.5388
217	-0.5703
218	-0.4599
219	-0.5606
220	-0.6267
221	-0.6351
222	-0.7354
223	-0.7437
224	-0.7244
225	-0.7356
226	-0.9241
227	-0.9554
228	-0.9404
229	-0.9755
230	-0.9979
231	-1.029
232	-1.008
233	-0.9998
234	-0.912
235	-0.8593
236	-0.9358
237	-0.8953
238	-0.8865
239	-0.8361
240	-0.7005
241	-0.6337
242	-0.6263
243	-0.5761
244	-0.5063
245	-0.5641
246	-0.5804
247	-0.4663
248	-0.4597
249	-0.4836
250	-0.5514
251	-0.5918
252	-0.5945
253	-0.6434
254	-0.6007
255	-0.7407
256	-0.7364
257	-0.882
258	-0.7891
259	-0.7977
260	-0.8321
261	-0.8356
262	-0.7874
263	-0.8455
264	-0.8355
265	-0.6984
266	-0.6816
267	-0.5785
268	-0.696
269	-0.6969
270	-0.5659
271	-0.4983
272	-0.3617
273	-0.2996
274	-0.2886
275	-0.3188
276	-0.3155
277	-0.2395
278	-0.2451
279	-0.1982
280	-0.2416
281	-0.1862
282	-0.2346
283	-0.2891
284	-0.1491
285	-0.03103
286	-0.001009
287	-0.09607
288	0.08934
289	0.1594
290	0.2319
291	0.2834
292	0.2765
293	0.3236
294	0.3579
295	0.3283
296	0.208
297	0.1955
298	0.101
299	0.1525
300	0.2359
301	0.268
302	0.2209
303	0.2874
304	0.3648
305	0.3459
306	0.2519
307	0.1945
308	0.05263
309	0.07283
310	0.1254
311	0.04065
312	0.124
313	0.1542
314	0.2289
315	0.1953
316	0.1145
317	0.1383
318	0.04758
319	-0.02289
320	0.1342
321	0.02836
322	0.07222
323	0.1085
324	0.1139
325	0.1167
326	0.1204
327	0.175
328	0.1071
329	0.07551
330	-0.1187
331	-0.2402
332	-0.2618
333	-0.3538
334	-0.3619
335	-0.3266
336	-0.2784
337	-0.2155
338	-0.2344
339	-0.1853
340	-0.289
341	-0.3069
342	-0.2571
343	-0.3252
344	-0.2694
345	-0.2837
346	-0.2708
347	-0.1754
348	-0.1649
349	-0.2726
350	-0.3333
351	-0.4084
352	-0.4264
353	-0.2274
354	-0.3531
355	-0.3323
356	-0.3388
357	-0.2601
358	-0.1721
359	-0.09202
360	-0.1351
361	-0.1696
362	-0.2106
363	-0.1853
364	-0.2503
365	-0.2262
366	-0.1349
367	-0.06277
368	-0.004927
369	0.05923
370	0.08028
371	0.1634
372	0.2406
373	0.1568
374	0.09665
375	-0.02
376	0.08884
377	0.08589
378	0.1434
379	0.2288
380	0.2981
381	0.4339
382	0.4394
383	0.4091
384	0.3372
385	0.4603
386	0.429
387	0.4444
388	0.4466
389	0.3527
390	0.3824
391	0.3838
392	0.4118
393	0.4531
394	0.4408
395	0.4483
396	0.5599
397	0.5746
398	0.513
399	0.4938
400	0.5865
401	0.6024
402	0.6637
403	0.6366
404	0.6391
405	0.6473
406	0.7103
407	0.6928
408	0.6702
409	0.6042
410	0.5082
411	0.5986
412	0.6477
413	0.7191
414	0.696
415	0.5992
416	0.5461
417	0.5349
418	0.5903
419	0.5763
420	0.5619
421	0.5964
422	0.5863
423	0.6247
424	0.5681
425	0.5174
426	0.3697
427	0.2213
428	0.2082
429	0.3069
430	0.3622
431	0.3973
432	0.4187
433	0.4014
434	0.387
435	0.3862
436	0.3698
437	0.269
438	0.3247
439	0.3838
440	0.3483
441	0.2939
442	0.2298
443	0.2846
444	0.3049
445	0.2544
446	0.2037
447	0.1899
448	0.2584
449	0.1622
450	0.179
451	0.1652
452	0.1047
453	0.05149
454	0.04633
455	0.0778
456	0.1111
457	1.978E-4
458	-0.1866
459	-0.1699
460	-0.1434
461	-0.1321
462	-0.002918
463	0.08354
464	0.1159
465	0.09651
466	0.1105
467	0.1042
468	0.1073
469	0.2445
470	0.216
471	0.24
472	0.3644
473	0.5363
474	0.4993
475	0.5408
476	0.661
477	0.5735
478	0.7609
479	0.681
480	0.639
481	0.639
482	0.5284
483	0.6319
484	0.7268
485	0.7369
486	0.6833
487	0.6105
488	0.7177
489	0.6086
490	0.569
491	0.4256
492	0.484
493	0.4032
494	0.4984
495	0.4783
496	0.4009
497	0.3018
498	0.2958
499	0.3254
500	0.2288
501	0.3168
502	0.3798
503	0.4732
504	0.4232
505	0.5669
506	0.4689
507	0.5163
508	0.55
509	0.5005
510	0.4699
511	0.4852
512	0.4315
513	0.5616
514	0.6523
515	0.6848
516	0.6252
517	0.6653
518	0.6416
519	0.6002
520	0.4994
521	0.5118
522	0.5938
523	0.6203
524	0.5464
525	0.4349
526	0.3691
527	0.3617
528	0.3046
529	0.2437
530	0.2703
531	0.2661
532	0.4898
533	0.5543
534	0.5661
535	0.4707
536	0.3546
537	0.3002
538	0.3767
539	0.4445
540	0.4245
541	0.3222
542	0.2482
543	0.3022
544	0.4032
545	0.2857
546	0.2213
547	0.1075
548	0.1458
549	0.1768
550	0.08163
551	0.05422
552	0.07199
553	0.09325
554	0.01332
555	0.02534
556	-0.1619
557	-0.2023
558	-0.2619
559	-0.264
560	-0.2838
561	-0.3583
562	-0.4411
563	-0.3853
564	-0.3301
565	-0.395
566	-0.3831
567	-0.4032
568	-0.5017
569	-0.4609
570	-0.5593
571	-0.5855
572	-0.5047
573	-0.3501
574	-0.3075
575	-0.4908
576	-0.4395
577	-0.5219
578	-0.5604
579	-0.5277
580	-0.5442
581	-0.5498
582	-0.6313
583	-0.709
584	-0.7462
585	-0.7363
586	-0.6906
587	-0.814
588	-0.8011
589	-0.8216
590	-0.7878
591	-0.7399
592	-0.7526
593	-0.7187
594	-0.8041
595	-0.7317
596	-0.6814
597	-0.5668
598	-0.5857
599	-0.6226
600	-0.516
601	-0.5126
602	-0.5557
603	-0.5679
604	-0.5747
605	-0.6176
606	-0.7364
607	-0.6509
608	-0.6033
609	-0.6493
610	-0.6487
611	-0.6289
612	-0.7178
613	-0.7292
614	-0.7381
615	-0.7465
616	-0.6506
617	-0.5321
618	-0.4501
619	-0.4012
620	-0.4104
621	-0.4442
622	-0.52
623	-0.5578
624	-0.5639
625	-0.682
626	-0.6486
627	-0.654
628	-0.6979
629	-0.7116
630	-0.6722
631	-0.5591
632	-0.497
633	-0.5155
634	-0.54
635	-0.5115
636	-0.5015
637	-0.3306
638	-0.3384
639	-0.1719
640	-0.1714
641	-0.1835
642	-0.1311
643	-0.212
644	-0.04135
645	-0.09695
646	-0.05308
647	-0.2088
648	-0.2858
649	-0.4349
650	-0.5627
651	-0.6555
652	-0.7476
653	-0.7302
654	-0.7835
655	-0.6833
656	-0.6731
657	-0.6872
658	-0.6449
659	-0.6882
660	-0.5978
661	-0.6855
662	-0.8135
663	-0.776
664	-0.5578
665	-0.5447
666	-0.4684
667	-0.3684
668	-0.304
669	-0.4084
670	-0.491
671	-0.476
672	-0.5164
673	-0.3916
674	-0.2545
675	-0.2463
676	-0.1
677	-0.1959
678	-0.1316
679	-0.143
680	-0.1276
681	-0.164
682	-0.1935
683	-0.2794
684	-0.1697
685	-0.0959
686	-0.1535
687	-0.1097
688	-0.126
689	-0.0465
690	0.0654
691	0.2116
692	0.1143
693	0.08793
694	0.218
695	0.1635
696	0.1685
697	0.3471
698	0.268
699	0.135
700	0.1053
701	-0.008298
702	4.708E-4
703	-4.284E-4
704	-0.1692
705	-0.1503
706	-0.0675
707	-0.0708
708	-0.01374
709	0.0652
710	0.004291
711	0.07209
712	0.09013
713	0.1788
714	0.1009
715	0.2108
716	0.3455
717	0.4021
718	0.3514
719	0.3632
720	0.416
721	0.3334
722	0.3239
723	0.39
724	0.5152
725	0.593
726	0.4295
727	0.2356
728	0.2899
729	0.4832
730	0.5126
731	0.5294
732	0.4882
733	0.4116
734	0.4819
735	0.4586
736	0.4053
737	0.3856
738	0.3092
739	0.34
740	0.248
741	0.1415
742	0.06934
743	0.1188
744	0.1749
745	0.1463
746	0.04302
747	0.05157
748	-0.1403
749	-0.1279
750	-0.1925
201	-0.5342
202	-0.5618
203	-0.6772
204	-0.5861
205	-0.6148
206	-0.4196
207	-0.6009
208	-0.6991
209	-0.7067
210	-0.5956
211	-0.6556
212	-0.5336
213	-0.7221
214	-0.4594
215	-0.5297
216	-0.6136
217	-0.423
218	-0.6913
219	-0.5967
220	-0.5567
221	-0.4965
222	-0.4336
223	-0.5851
224	-0.6066
225	-0.6328
226	-0.5202
227	-0.6449
228	-0.4864
229	-0.5569
230	-0.5336
231	-0.4964
232	-0.5192
233	-0.5382
234	-0.6227
235	-0.6625
236	-0.5163
237	-0.6582
238	-0.6355
239	-0.548
240	-0.625
241	-0.6317
242	-0.5132
243	-0.5608
244	-0.5884
245	-0.671
246	-0.4502
247	-0.5456
248	-0.6159
249	-0.5918
250	-0.5403
251	-0.6974
252	-0.5158
253	-0.5506
254	-0.5913
255	-0.5434
256	-0.4415
257	-0.5633
258	-0.5849
259	-0.6558
260	-0.7042
261	-0.4922
262	-0.4617
263	-0.4575
264	-0.546
265	-0.606
266	-0.4816
267	-0.5408
268	-0.5081
269	-0.7101
270	-0.5875
271	-0.7501
272	-0.5321
273	-0.577
274	-0.6875
275	-0.5967
276	-0.6236
277	-0.6388
278	-0.6172
279	-0.6482
280	-0.4997
281	-0.6266
282	-0.56
283	-0.5282
284	-0.5421
285	-0.6325
286	-0.6164
287	-0.5297
288	-0.6253
289	-0.5599
290	-0.599
291	-0.5276
292	-0.4623
293	-0.5272
294	-0.3601
295	-0.5963
296	-0.4707
297	-0.4368
298	-0.61
299	-0.693
300	-0.7038
301	-0.6656
302	-0.5418
303	-0.6836
304	-0.5522
305	-0.5707
306	-0.5725
307	-0.4737
308	-0.4477
309	-0.5958
310	-0.6661
311	-0.6612
312	-0.6622
313	-0.5873
314	-0.6825
315	-0.5111
316	-0.5032
317	-0.5998
318	-0.6502
319	-0.5985
320	-0.637
321	-0.3644
322	-0.4718
323	-0.5594
324	-0.6171
325	-0.596
326	-0.6239
327	-0.5983
328	-0.524
329	-0.598
330	-0.5203
331	-0.6249
332	-0.7339
333	-0.5232
334	-0.5778
335	-0.6339
336	-0.5636
337	-0.5798
338	-0.5554
339	-0.6656
340	-0.5285
341	-0.5648
342	-0.5484
343	-0.5777
344	-0.5658
345	-0.5691
346	-0.5256
347	-0.6511
348	-0.5438
349	-0.5211
350	-0.68
351	-0.5924
352	-0.5978
353	-0.7497
354	-0.6447
355	-0.6343
356	-0.4991
357	-0.4905
358	-0.7351
359	-0.7074
360	-0.6491
361	-0.5553
362	-0.5051
363	-0.6748
364	-0.5961
365	-0.6018
366	-0.663
367	-0.662
368	-0.6508
369	-0.6175
370	-0.561
371	-0.7024
372	-0.6036
373	-0.6766
374	-0.599
375	-0.4855
376	-0.6982
377	-0.61
378	-0.5629
379	-0.6345
380	-0.6057
381	-0.5449
382	-0.6557
383	-0.5274
384	-0.6385
385	-0.5638
386	-0.6168
387	-0.5888
388	-0.4971
389	-0.5219
390	-0.6755
391	-0.6936
392	-0.7172
393	-0.6319
394	-0.6169
395	-0.707
396	-0.5961
397	-0.5086
398	-0.556
399	-0.5723
400	-0.5707
401	-0.5961
402	-0.6906
403	-0.5344
404	-0.5349
405	-0.7397
406	-0.6117
407	-0.7453
408	-0.6366
409	-0.6163
410	-0.68
411	-0.6665
412	-0.4595
413	-0.5782
414	-0.5166
415	-0.5207
416	-0.5002
417	-0.7173
418	-0.5433
419	-0.6237
420	-0.5782
421	-0.647
422	-0.6224
423	-0.5765
424	-0.7032
425	-0.6218
426	-0.5403
427	-0.4713
428	-0.5283
429	-0.5828
430	-0.5049
431	-0.5106
432	-0.7744
433	-0.681
434	-0.6332
435	-0.6173
436	-0.7589
437	-0.4912
438	-0.683
439	-0.7005
440	-0.5279
441	-0.4932
442	-0.5046
443	-0.5176
444	-0.5653
445	-0.4756
446	-0.585
447	-0.4096
448	-0.4763
449	-0.3851
450	-0.6236
451	-0.648
452	-0.4777
453	-0.4862
454	-0.4228
455	-0.5102
456	-0.5985
457	-0.6129
458	-0.4583
459	-0.5212
460	-0.4676
461	-0.5076
462	-0.5042
463	-0.549
464	-0.6282
465	-0.6584
466	-0.5517
467	-0.6658
468	-0.6175
469	-0.6044
470	-0.5736
471	-0.6123
472	-0.6606
473	-0.6407
474	-0.6549
475	-0.5928
476	-0.6057
477	-0.4315
478	-0.6684
479	-0.5589
480	-0.4932
481	-0.624
482	-0.6642
483	-0.6946
484	-0.5854
485	-0.5921
486	-0.6814
487	-0.5704
488	-0.5105
489	-0.5982
490	-0.5291
491	-0.6444
492	-0.6518
493	-0.542
494	-0.5232
495	-0.6783
496	-0.6831
497	-0.6751
498	-0.6596
499	-0.6263
500	-0.4612
501	-0.6061
502	-0.568
503	-0.5684
504	-0.5831
505	-0.7558
506	-0.471
507	-0.6085
508	-0.5536
509	-0.598
510	-0.5692
511	-0.611
512	-0.5207
513	-0.6067
514	-0.6303
515	-0.4932
516	-0.5199
517	-0.6463
518	-0.6227
519	-0.4789
520	-0.4987
521	-0.5905
522	-0.5901
523	-0.6323
524	-0.5537
525	-0.5499
526	-0.4922
527	-0.4883
528	-0.5297
529	-0.5757
530	-0.6214
531	-0.5695
532	-0.7555
533	-0.63
534	-0.5044
535	-0.5224
536	-0.5544
537	-0.4828
538	-0.6274
539	-0.7247
540	-0.6027
541	-0.6897
542	-0.4657
543	-0.6895
544	-0.6377
545	-0.4626
546	-0.4278
547	-0.6366
548	-0.5088
549	-0.5659
550	-0.5899
551	-0.6087
552	-0.5244
553	-0.4919
554	-0.5598
555	-0.5696
556	-0.4123
557	-0.6253
558	-0.5454
559	-0.5213
560	-0.6358
561	-0.648
562	-0.6378
563	-0.556
564	-0.7576
565	-0.5956
566	-0.5427
567	-0.5702
568	-0.6687
569	-0.5067
570	-0.5319
571	-0.487
572	-0.5669
573	-0.5826
574	-0.5815
575	-0.5315
576	-0.527
577	-0.5179
578	-0.4465
579	-0.4932
580	-0.7682
581	-0.67
582	-0.592
583	-0.4763
584	-0.4504
585	-0.6542
586	-0.5994
587	-0.6233
588	-0.6627
589	-0.5626
590	-0.5163
591	-0.6141
592	-0.5434
593	-0.7318
594	-0.6761
595	-0.5968
596	-0.6051
597	-0.6147
598	-0.6303
599	-0.5679
600	-0.5498
601	-0.5211
602	-0.6245
603	-0.648
604	-0.6086
605	-0.663
606	-0.6979
607	-0.6533
608	-0.5406
609	-0.6358
610	-0.5724
611	-0.5169
612	-0.4592
613	-0.5799
614	-0.6331
615	-0.5797
616	-0.6229
617	-0.6128
618	-0.5406
619	-0.5525
620	-0.4881
621	-0.5352
622	-0.4951
623	-0.5478
624	-0.5825
625	-0.5689
626	-0.6161
627	-0.6245
628	-0.5857
629	-0.7347
630	-0.7
631	-0.6133
632	-0.6078
633	-0.5179
634	-0.6159
635	-0.6047
636	-0.6056
637	-0.4968
638	-0.5276
639	-0.7139
640	-0.4976
641	-0.5808
642	-0.684
643	-0.7164
644	-0.6143
645	-0.653
646	-0.6329
647	-0.4662
648	-0.3957
649	-0.4602
650	-0.5283
651	-0.3908
652	-0.545
653	-0.5558
654	-0.6377
655	-0.5768
656	-0.7045
657	-0.7076
658	-0.6061
659	-0.6778
660	-0.6652
661	-0.5603
662	-0.4998
663	-0.5845
664	-0.7274
665	-0.5767
666	-0.6811
667	-0.5857
668	-0.604
669	-0.5624
670	-0.5224
671	-0.484
672	-0.6339
673	-0.6957
674	-0.7083
675	-0.5317
676	-0.5816
677	-0.4358
678	-0.6449
679	-0.6465
680	-0.5397
681	-0.5833
682	-0.5359
683	-0.5493
684	-0.5809
685	-0.6732
686	-0.5431
687	-0.6954
688	-0.5186
689	-0.5477
690	-0.5649
691	-0.5822
692	-0.649
693	-0.5951
694	-0.6489
695	-0.606
696	-0.6487
697	-0.6896
698	-0.5845
699	-0.3847
700	-0.6419
701	-0.5863
702	-0.7038
703	-0.6485
704	-0.569
705	-0.5439
706	-0.6096
707	-0.6509
708	-0.6006
709	-0.6528
710	-0.6246
711	-0.5961
712	-0.5665
713	-0.6136
714	-0.5154
715	-0.6283
716	-0.6382
717	-0.656
718	-0.41
719	-0.6203
720	-0.6372
721	-0.5598
722	-0.4903
723	-0.5825
724	-0.5777
725	-0.6337
726	-0.4908
727	-0.4294
728	-0.5898
729	-0.6038
730	-0.6804
731	-0.6482
732	-0.6417
733	-0.5653
734	-0.6661
735	-0.6593
736	-0.5961
737	-0.5882
738	-0.4211
739	-0.5012
740	-0.5697
741	-0.5615
742	-0.5472
743	-0.605
744	-0.6696
745	-0.6067
746	-0.47
747	-0.5333
748	-0.5682
749	-0.5919
750	-0.7323
201	-0.206
202	-0.1285
203	-0.152
204	-0.2125
205	-0.3421
206	-0.2374
207	-0.1464
208	-0.06298
209	-0.1708
210	-0.01361
211	-0.2476
212	-0.1
213	-0.396
214	-0.5266
215	-0.2771
216	-0.07692
217	-0.1741
218	-0.2413
219	-0.2427
220	-0.2857
221	-0.3218
222	-0.1838
223	-0.1666
224	-0.3281
225	-0.4097
226	-0.3563
227	-0.2458
228	-0.2986
229	-0.1577
230	-0.2132
231	-0.192
232	-0.3332
233	-0.2289
234	-0.2858
235	-0.2488
236	-0.2568
237	-0.2345
238	-0.2814
239	-0.3577
240	-0.3197
241	-0.2636
242	-0.2279
243	-0.2752
244	-0.3186
245	-0.1022
246	-0.2272
247	-0.2122
248	-0.1936
249	-0.179
250	-0.1526
251	-0.1655
252	-0.3348
253	-0.3063
254	-0.3352
255	-0.2595
256	-0.2401
257	0.02127
258	-0.1215
259	-0.1716
260	-0.1317
261	-0.2663
262	-0.2662
263	-0.2695
264	-0.4044
265	-0.3017
266	-0.3917
267	-0.3127
268	-0.2145
269	-0.0437
270	-0.3089
271	-0.192
272	-0.3899
273	-0.3899
274	-0.3222
275	-0.2624
276	-0.3005
277	-0.2574
278	-0.2362
279	-0.3993
280	-0.3721
281	-0.2851
282	-0.3221
283	-0.1796
284	-0.2776
285	-0.2745
286	-0.2875
287	-0.2059
288	-0.202
289	-0.2265
290	-0.2374
291	-0.248
292	-0.3016
293	-0.2122
294	-0.2783
295	-0.2647
296	-0.2926
297	-0.2249
298	-0.2482
299	-0.3147
300	-0.3882
301	-0.3525
302	-0.3414
303	-0.3152
304	-0.3703
305	-0.2135
306	-0.2735
307	-0.1914
308	-0.1014
309	-0.03924
310	-0.2674
311	-0.3194
312	-0.3477
313	-0.384
314	-0.2714
315	-0.2904
316	-0.1854
317	-0.1748
318	-0.2149
319	-0.06456
320	-0.1761
321	-0.3104
322	-0.2268
323	-0.2401
324	-0.2435
325	-0.3561
326	-0.1638
327	-0.3756
328	-0.1497
329	-0.07354
330	-0.1721
331	-0.1992
332	-0.2669
333	-0.4548
334	-0.3662
335	-0.3148
336	-0.3054
337	-0.1952
338	-0.2081
339	-0.2762
340	-0.129
341	-0.1435
342	-0.1754
343	-0.2116
344	-0.3216
345	-0.1879
346	-0.1576
347	-0.1621
348	-0.3031
349	-0.2819
350	-0.3567
351	-0.2961
352	-0.316
353	-0.1995
354	-0.2544
355	-0.3361
356	-0.2665
357	-0.3154
358	-0.2495
359	-0.1917
360	-0.2642
361	-0.1995
362	-0.1614
363	-0.26
364	-0.2216
365	-0.1982
366	-0.4428
367	-0.3858
368	-0.3321
369	-0.2991
370	-0.3733
371	-0.3639
372	-0.4431
373	-0.218
374	-0.2551
375	-0.3387
376	-0.2177
377	-0.1915
378	-0.2735
379	-0.2097
380	-0.1917
381	-0.2622
382	-0.3402
383	-0.4501
384	-0.3887
385	-0.3619
386	-0.3099
387	-0.1854
388	-0.3754
389	-0.2587
390	-0.3279
391	-0.2552
392	-0.1265
393	-0.1948
394	-0.267
395	-0.2296
396	-0.361
397	-0.2332
398	-0.1301
399	-0.2119
400	-0.3272
401	-0.2166
402	-0.1974
403	-0.3195
404	-0.2908
405	-0.1843
406	-0.3277
407	-0.1843
408	-0.2728
409	-0.2483
410	-0.1563
411	-0.1258
412	-0.3576
413	-0.3867
414	-0.3121
415	-0.1333
416	-0.1412
417	-0.141
418	-0.1621
419	-0.2615
420	-0.2656
421	-0.2299
422	-0.1307
423	-0.3451
424	-0.2741
425	-0.1821
426	-0.2445
427	-0.2349
428	-0.1419
429	-0.2819
430	-0.2953
431	-0.2261
432	-0.23
433	-0.228
434	-0.2247
435	-0.4037
436	-0.3112
437	-0.2921
438	-0.2026
439	-0.3173
440	-0.2097
441	-0.1708
442	-0.1199
443	-0.229
444	-0.1949
445	-0.4006
446	-0.2662
447	-0.3709
448	-0.4393
449	-0.4107
450	-0.2423
451	-0.2075
452	-0.2492
453	-0.2641
454	-0.1633
455	-0.07194
456	-0.1446
457	-0.222
458	-0.2777
459	-0.1656
460	-0.3214
461	-0.2238
462	-0.2181
463	-0.203
464	-0.06747
465	-0.2018
466	-0.2838
467	-0.1883
468	-0.1235
469	-0.1894
470	-0.1231
471	-0.3286
472	-0.4156
473	-0.3108
474	-0.325
475	-0.3739
476	-0.3685
477	-0.3785
478	-0.3824
479	-0.1611
480	-0.1879
481	-0.2811
482	-0.1789
483	-0.2473
484	-0.5127
485	-0.4365
486	-0.1814
487	-0.1218
488	-0.3
489	-0.2054
490	-0.2908
491	-0.1814
492	-0.2535
493	-0.04377
494	-0.1429
495	-0.1014
496	-0.2087
497	-0.2768
498	-0.2864
499	-0.3415
500	-0.25
501	-0.3138
502	-0.3875
503	-0.36
504	-0.2052
505	-0.3169
506	-0.3427
507	-0.4399
508	-0.2774
509	-0.188
510	-0.1754
511	-0.2176
512	-0.1745
513	-0.1183
514	-0.3438
515	-0.2492
516	-0.09615
517	-0.1846
518	-0.1747
519	-0.2775
520	-0.1754
521	-0.1923
522	-0.1725
523	-0.2906
524	-0.3735
525	-0.09313
526	-0.1454
527	-0.2579
528	-0.08214
529	-0.2031
530	-0.1689
531	-0.1162
532	-0.1764
533	-0.227
534	-0.2589
535	-0.1115
536	-0.02512
537	-0.1798
538	-0.2072
539	-0.363
540	-0.4514
541	-0.2559
542	-0.3632
543	-0.2167
544	-0.3119
545	-0.1766
546	-0.1512
547	-0.1094
548	-0.2519
549	-0.2612
550	-0.3244
551	-0.1797
552	-0.2882
553	-0.3001
554	-0.3963
555	-0.3958
556	-0.1745
557	-0.2215
558	-0.2227
559	-0.2147
560	-0.2781
561	-0.1697
562	-0.1761
563	-0.3413
564	-0.2967
565	-0.2855
566	-0.1746
567	-0.1385
568	-0.1661
569	-0.2503
570	-0.1066
571	-0.2645
572	-0.2865
573	-0.2636
574	-0.2961
575	-0.2343
576	-0.3201
577	-0.1724
578	-0.1011
579	-0.154
580	0.005238
581	-0.1812
582	-0.1836
583	-0.09006
584	-0.1802
585	-0.09802
586	-0.3625
587	-0.2668
588	-0.3665
589	-0.1532
590	-0.2509
591	-0.2829
592	-0.3582
593	-0.2933
594	-0.1201
595	-0.2831
596	-0.4095
597	-0.365
598	-0.3608
599	-0.4192
600	-0.5071
601	-0.2589
602	-0.3066
603	-0.1243
604	-0.1733
605	-0.2784
606	-0.1748
607	-0.3157
608	-0.2923
609	-0.1725
610	-0.2008
611	-0.2591
612	-0.1226
613	-0.2607
614	-0.2247
615	-0.3103
616	-0.3419
617	-0.3242
618	-0.3882
619	-0.2087
620	-0.1856
621	-0.1535
622	-0.1397
623	-0.3595
624	-0.1167
625	-0.168
626	-0.2088
627	-0.3338
628	-0.3896
629	-0.2777
630	-0.3875
631	-0.4385
632	-0.4539
633	-0.4189
634	-0.2795
635	-0.3129
636	-0.3504
637	-0.2275
638	-0.2921
639	-0.2842
640	-0.3501
641	-0.1179
642	-0.2168
643	-0.05533
644	-0.2201
645	-0.1597
646	-0.06834
647	-0.2803
648	-0.1449
649	-0.1134
650	-0.03247
651	-0.01108
652	-0.08736
653	-0.1534
654	-0.1141
655	-0.1491
656	-0.352
657	-0.1579
658	-0.1928
659	-0.1566
660	-0.1376
661	-0.1522
662	-0.1509
663	-0.1522
664	-0.3176
665	-0.3613
666	-0.1509
667	-0.337
668	-0.2952
669	-0.2447
670	-0.113
671	-0.2834
672	-0.1889
673	-0.3173
674	-0.3877
675	-0.3622
676	-0.1982
677	-0.2957
678	-0.3891
679	-0.387
680	-0.3702
681	-0.1462
682	-0.1685
683	-0.1278
684	-0.2896
685	-0.3701
686	-0.3562
687	-0.305
688	-0.3033
689	-0.3154
690	-0.3826
691	-0.3107
692	-0.365
693	-0.3079
694	-0.308
695	-0.2025
696	-0.2961
697	-0.3194
698	-0.0832
699	-0.1066
700	-0.2653
701	-0.234
702	-0.2343
703	-0.336
704	-0.1669
705	-0.2424
706	-0.1366
707	-0.2913
708	-0.2211
709	-0.352
710	-0.4133
711	-0.399
712	-0.1442
713	-0.2544
714	-0.2341
715	-0.4343
716	-0.2916
717	-0.1837
718	-0.04562
719	-0.05602
720	-0.2127
721	-0.2696
722	-0.3381
723	-0.2672
724	-0.2395
725	-0.2857
726	-0.2067
727	-0.2005
728	-0.2046
729	-0.2943
730	-0.2573
731	-0.3906
732	-0.2535
733	-0.2475
734	-0.2986
735	-0.3353
736	-0.3806
737	-0.2711
738	-0.3566
739	-0.3405
740	-0.1646
741	-0.1312
742	-0.2305
743	-0.1158
744	-0.2013
745	-0.3522
746	-0.3162
747	-0.2175
748	-0.1732
749	-0.2719
750	-0.2456
201	4146.0
202	4152.0
203	4157.0
204	4157.0
205	4134.0
206	4148.0
207	4142.0
208	4161.0
209	4142.0
210	4146.0
211	4145.0
212	4149.0
213	4145.0
214	4150.0
215	4140.0
216	4151.0
217	4148.0
218	4139.0
219	4149.0
220	4143.0
221	4141.0
222	4145.0
223	4153.0
224	4148.0
225	4153.0
226	4153.0
227	4152.0
228	4143.0
229	4140.0
230	4142.0
231	4133.0
232	4140.0
233	4140.0
234	4150.0
235	4152.0
236	4144.0
237	4149.0
238	4136.0
239	4147.0
240	4148.0
241	4145.0
242	4145.0
243	4146.0
244	4144.0
245	4158.0
246	4141.0
247	4144.0
248	4141.0
249	4137.0
250	4141.0
251	4151.0
252	4145.0
253	4139.0
254	4141.0
255	4146.0
256	4162.0
257	4145.0
258	4141.0
259	4138.0
260	4136.0
261	4139.0
262	4154.0
263	4138.0
264	4145.0
265	4143.0
266	4149.0
267	4136.0
268	4141.0
269	4151.0
270	4144.0
271	4146.0
272	4140.0
273	4141.0
274	4140.0
275	4129.0
276	4143.0
277	4139.0
278	4147.0
279	4147.0
280	4142.0
281	4142.0
282	4135.0
283	4130.0
284	4135.0
285	4133.0
286	4140.0
287	4150.0
288	4140.0
289	4146.0
290	4141.0
291	4142.0
292	4161.0
293	4144.0
294	4159.0
295	4142.0
296	4140.0
297	4151.0
298	4147.0
299	4140.0
300	4144.0
301	4147.0
302	4148.0
303	4140.0
304	4147.0
305	4142.0
306	4137.0
307	4148.0
308	4153.0
309	4138.0
310	4148.0
311	4151.0
312	4135.0
313	4141.0
314	4144.0
315	4142.0
316	4142.0
317	4136.0
318	4142.0
319	4145.0
320	4146.0
321	4148.0
322	4150.0
323	4136.0
324	4141.0
325	4146.0
326	4137.0
327	4139.0
328	4145.0
329	4149.0
330	4151.0
331	4141.0
332	4141.0
333	4150.0
334	4149.0
335	4138.0
336	4152.0
337	4138.0
338	4144.0
339	4143.0
340	4150.0
341	4149.0
342	4144.0
343	4152.0
344	4150.0
345	4143.0
346	4149.0
347	4144.0
348	4136.0
349	4136.0
350	4139.0
351	4136.0
352	4140.0
353	4155.0
354	4141.0
355	4152.0
356	4142.0
357	4140.0
358	4154.0
359	4141.0
360	4146.0
361	4144.0
362	4143.0
363	4131.0
364	4134.0
365	4142.0
366	4138.0
367	4149.0
368	4140.0
369	4149.0
370	4146.0
371	4148.0
372	4142.0
373	4145.0
374	4142.0
375	4148.0
376	4151.0
377	4148.0
378	4151.0
379	4134.0
380	4138.0
381	4146.0
382	4150.0
383	4146.0
384	4139.0
385	4141.0
386	4142.0
387	4134.0
388	4141.0
389	4138.0
390	4143.0
391	4137.0
392	4146.0
393	4143.0
394	4135.0
395	4147.0
396	4151.0
397	4140.0
398	4142.0
399	4135.0
400	4137.0
401	4143.0
402	4141.0
403	4138.0
404	4145.0
405	4143.0
406	4138.0
407	4150.0
408	4137.0
409	4135.0
410	4144.0
411	4149.0
412	4147.0
413	4149.0
414	4137.0
415	4141.0
416	4147.0
417	4139.0
418	4153.0
419	4151.0
420	4142.0
421	4134.0
422	4145.0
423	4151.0
424	4140.0
425	4150.0
426	4141.0
427	4147.0
428	4140.0
429	4156.0
430	4151.0
431	4140.0
432	4147.0
433	4146.0
434	4152.0
435	4141.0
436	4154.0
437	4143.0
438	4147.0
439	4141.0
440	4131.0
441	4132.0
442	4143.0
443	4146.0
444	4138.0
445	4154.0
446	4143.0
447	4143.0
448	4148.0
449	4153.0
450	4141.0
451	4139.0
452	4150.0
453	4139.0
454	4149.0
455	4140.0
456	4139.0
457	4150.0
458	4135.0
459	4138.0
460	4134.0
461	4135.0
462	4151.0
463	4152.0
464	4147.0
465	4141.0
466	4144.0
467	4146.0
468	4139.0
469	4137.0
470	4154.0
471	4145.0
472	4153.0
473	4145.0
474	4139.0
475	4147.0
476	4141.0
477	4147.0
478	4139.0
479	4137.0
480	4141.0
481	4144.0
482	4138.0
483	4143.0
484	4147.0
485	4140.0
486	4132.0
487	4136.0
488	4156.0
489	4144.0
490	4152.0
491	4134.0
492	4146.0
493	4138.0
494	4152.0
495	4165.0
496	4137.0
497	4147.0
498	4144.0
499	4139.0
500	4144.0
501	4148.0
502	4154.0
503	4137.0
504	4148.0
505	4146.0
506	4142.0
507	4150.0
508	4140.0
509	4146.0
510	4138.0
511	4139.0
512	4139.0
513	4143.0
514	4137.0
515	4148.0
516	4152.0
517	4150.0
518	4144.0
519	4151.0
520	4148.0
521	4151.0
522	4139.0
523	4146.0
524	4146.0
525	4144.0
526	4143.0
527	4139.0
528	4161.0
529	4137.0
530	4159.0
531	4136.0
532	4151.0
533	4143.0
534	4145.0
535	4140.0
536	4166.0
537	4139.0
538	4153.0
539	4142.0
540	4142.0
541	4141.0
542	4152.0
543	4152.0
544	4140.0
545	4146.0
546	4146.0
547	4142.0
548	4157.0
549	4131.0
550	4148.0
551	4147.0
552	4141.0
553	4137.0
554	4142.0
555	4145.0
556	4146.0
557	4140.0
558	4143.0
559	4151.0
560	4143.0
561	4138.0
562	4146.0
563	4143.0
564	4146.0
565	4140.0
566	4142.0
567	4148.0
568	4147.0
569	4143.0
570	4146.0
571	4143.0
572	4142.0
573	4147.0
574	4149.0
575	4142.0
576	4144.0
577	4144.0
578	4148.0
579	4143.0
580	4153.0
581	4155.0
582	4135.0
583	4149.0
584	4145.0
585	4146.0
586	4150.0
587	4148.0
588	4154.0
589	4139.0
590	4140.0
591	4135.0
592	4151.0
593	4139.0
594	4153.0
595	4135.0
596	4149.0
597	4143.0
598	4146.0
599	4150.0
600	4153.0
601	4143.0
602	4144.0
603	4144.0
604	4150.0
605	4146.0
606	4150.0
607	4144.0
608	4147.0
609	4141.0
610	4140.0
611	4136.0
612	4150.0
613	4137.0
614	4144.0
615	4142.0
616	4140.0
617	4142.0
618	4147.0
619	4140.0
620	4139.0
621	4149.0
622	4144.0
623	4142.0
624	4136.0
625	4143.0
626	4133.0
627	4148.0
628	4151.0
629	4144.0
630	4151.0
631	4138.0
632	4138.0
633	4155.0
634	4146.0
635	4134.0
636	4155.0
637	4151.0
638	4151.0
639	4138.0
640	4141.0
641	4151.0
642	4149.0
643	4150.0
644	4142.0
645	4144.0
646	4145.0
647	4142.0
648	4151.0
649	4148.0
650	4141.0
651	4154.0
652	4156.0
653	4149.0
654	4145.0
655	4138.0
656	4145.0
657	4141.0
658	4139.0
659	4143.0
660	4143.0
661	4138.0
662	4136.0
663	4141.0
664	4143.0
665	4139.0
666	4158.0
667	4147.0
668	4145.0
669	4140.0
670	4145.0
671	4147.0
672	4147.0
673	4145.0
674	4142.0
675	4143.0
676	4147.0
677	4141.0
678	4149.0
679	4136.0
680	4151.0
681	4138.0
682	4139.0
683	4139.0
684	4146.0
685	4151.0
686	4152.0
687	4161.0
688	4146.0
689	4146.0
690	4159.0
691	4153.0
692	4141.0
693	4137.0
694	4155.0
695	4133.0
696	4139.0
697	4132.0
698	4145.0
699	4144.0
700	4136.0
701	4156.0
702	4137.0
703	4136.0
704	4137.0
705	4134.0
706	4140.0
707	4142.0
708	4134.0
709	4150.0
710	4136.0
711	4151.0
712	4129.0
713	4137.0
714	4136.0
715	4138.0
716	4153.0
717	4138.0
718	4155.0
719	4143.0
720	4138.0
721	4142.0
722	4146.0
723	4151.0
724	4147.0
725	4140.0
726	4146.0
727	4139.0
728	4134.0
729	4136.0
730	4143.0
731	4144.0
732	4147.0
733	4147.0
734	4136.0
735	4135.0
736	4149.0
737	4140.0
738	4145.0
739	4148.0
740	4149.0
741	4150.0
742	4148.0
743	4150.0
744	4147.0
745	4132.0
746	4145.0
747	4135.0
748	4146.0
749	4136.0
750	4140.0
201	0.02258
202	0.01634
203	0.01151
204	0.01857
205	0.009666
206	0.03937
207	0.01548
208	0.0206
209	0.006901
210	0.01695
211	0.02533
212	0.007063
213	0.03031
214	0.01262
215	0.01797
216	0.01773
217	0.01537
218	0.01601
219	0.02244
220	0.02932
221	0.02516
222	0.01522
223	0.0103
224	0.02797
225	0.0234
226	0.0107
227	0.03126
228	0.02687
229	0.01388
230	0.02367
231	0.01204
232	0.01212
233	0.01142
234	0.01902
235	0.0126
236	0.02019
237	0.01684
238	0.03261
239	0.0108
240	0.01495
241	0.01123
242	0.01101
243	0.02737
244	0.03205
245	0.02843
246	0.004545
247	0.01887
248	0.03531
249	0.01754
250	0.01746
251	0.00718
252	0.01351
253	0.01583
254	0.02164
255	0.02872
256	0.02169
257	0.01399
258	0.03294
259	0.02437
260	0.01337
261	0.01765
262	0.01262
263	0.0323
264	0.04649
265	0.01087
266	0.02396
267	0.01368
268	0.02894
269	0.0239
270	0.02228
271	0.01057
272	0.006282
273	0.009996
274	0.01516
275	0.03534
276	0.01841
277	0.02454
278	0.01183
279	0.02878
280	0.01927
281	0.03771
282	0.01425
283	0.01253
284	0.02017
285	0.01424
286	0.02133
287	0.02976
288	0.01461
289	0.04428
290	0.0108
291	0.0214
292	0.02534
293	0.01955
294	0.008747
295	0.01745
296	0.02158
297	0.02548
298	0.008373
299	0.007458
300	0.0102
301	0.01698
302	0.02021
303	0.01947
304	0.01605
305	0.0155
306	0.01773
307	0.02212
308	0.0172
309	0.0155
310	0.02876
311	0.009385
312	0.009425
313	0.01165
314	0.01865
315	0.03212
316	0.008124
317	0.02824
318	0.01616
319	0.04114
320	0.0229
321	0.02863
322	0.01588
323	0.05405
324	0.01836
325	0.03108
326	0.0158
327	0.02653
328	0.02505
329	0.03359
330	0.02844
331	0.02352
332	0.01429
333	0.02228
334	0.01707
335	0.02613
336	0.006756
337	0.02835
338	0.01476
339	0.01375
340	0.03185
341	0.02439
342	0.02388
343	0.01399
344	0.0223
345	0.01677
346	0.01063
347	0.01525
348	0.0244
349	0.03572
350	0.02181
351	0.0162
352	0.0141
353	0.009783
354	0.009375
355	0.02275
356	0.03853
357	0.01502
358	0.03604
359	0.009025
360	0.01724
361	0.02012
362	0.02704
363	0.02966
364	0.006993
365	0.0155
366	0.01771
367	0.03908
368	0.005268
369	0.02419
370	0.01595
371	0.01378
372	0.01185
373	0.03975
374	0.005281
375	0.01144
376	0.01245
377	0.01828
378	0.01706
379	0.02489
380	0.0157
381	0.01046
382	0.02167
383	0.01382
384	0.03693
385	0.01619
386	0.01547
387	0.0368
388	0.02632
389	0.01876
390	0.03588
391	0.01935
392	0.02079
393	0.02093
394	0.01082
395	0.01437
396	0.05236
397	0.03748
398	0.02949
399	0.02826
400	0.008779
401	0.04866
402	0.02308
403	0.0182
404	0.03309
405	0.04991
406	0.01614
407	0.03008
408	0.03352
409	0.02601
410	0.02245
411	0.01359
412	0.02967
413	0.01885
414	0.01934
415	0.01927
416	0.02638
417	0.02608
418	0.02442
419	0.02479
420	0.01477
421	0.02995
422	0.01879
423	0.02289
424	0.009191
425	0.03193
426	0.006255
427	0.01047
428	0.03389
429	0.01054
430	0.01332
431	0.0264
432	0.02383
433	0.01236
434	0.01334
435	0.08276
436	0.01309
437	0.04263
438	0.0469
439	0.006305
440	0.01133
441	0.03305
442	0.0227
443	0.01547
444	0.01591
445	0.03428
446	0.01254
447	0.0394
448	0.01261
449	0.01332
450	0.03733
451	0.01366
452	0.02851
453	0.03754
454	0.01465
455	0.01468
456	0.03142
457	0.02985
458	0.02318
459	0.01839
460	0.02539
461	0.01441
462	0.02308
463	0.02262
464	0.03358
465	0.06368
466	0.017
467	0.02157
468	0.01188
469	0.01927
470	0.03794
471	0.01847
472	0.02301
473	0.02784
474	0.0199
475	0.01482
476	0.01461
477	0.02495
478	0.02504
479	0.02459
480	0.02494
481	0.01553
482	0.01796
483	0.01999
484	0.02438
485	0.0305
486	0.03042
487	0.04433
488	0.0371
489	0.02023
490	0.02679
491	0.02244
492	0.01849
493	0.03026
494	0.01549
495	0.01809
496	0.04348
497	0.01833
498	0.04749
499	0.02992
500	0.03776
501	0.02795
502	0.02552
503	0.03288
504	0.03928
505	0.01738
506	0.0129
507	0.04444
508	0.02485
509	0.02345
510	0.0274
511	0.05609
512	0.01828
513	0.02088
514	0.03612
515	0.02826
516	0.02738
517	0.005084
518	0.03864
519	0.04952
520	0.03571
521	0.03802
522	0.02494
523	0.06521
524	0.04213
525	0.03395
526	0.01844
527	0.05277
528	0.03257
529	0.01865
530	0.01492
531	0.01482
532	0.01059
533	0.01619
534	0.02191
535	0.04288
536	0.01802
537	0.01298
538	0.0147
539	0.03285
540	0.02126
541	0.01616
542	0.03305
543	0.01823
544	0.02741
545	0.03804
546	0.02284
547	0.03931
548	0.04237
549	0.0409
550	0.03869
551	0.02305
552	0.02603
553	0.02455
554	0.02556
555	0.03012
556	0.02808
557	0.01691
558	0.02962
559	0.06361
560	0.04612
561	0.03076
562	0.01775
563	0.02445
564	0.01639
565	0.02937
566	0.01698
567	0.03841
568	0.05985
569	0.03951
570	0.02338
571	0.03677
572	0.01824
573	0.02153
574	0.02737
575	0.04898
576	0.01229
577	0.009893
578	0.02154
579	0.04647
580	0.04398
581	0.02407
582	0.04241
583	0.02535
584	0.02039
585	0.01759
586	0.02832
587	0.008226
588	0.00869
589	0.0343
590	0.01587
591	0.03803
592	0.03548
593	0.02428
594	0.05574
595	0.03288
596	0.02507
597	0.03023
598	0.05518
599	0.02466
600	0.02286
601	0.01146
602	0.01676
603	0.04249
604	0.02194
605	0.008617
606	0.02362
607	0.05055
608	0.02809
609	0.03543
610	0.02097
611	0.05563
612	0.02375
613	0.03831
614	0.02068
615	0.01031
616	0.03534
617	0.01878
618	0.03221
619	0.02655
620	0.05131
621	0.03898
622	0.0535
623	0.01885
624	0.03532
625	0.04179
626	0.04259
627	0.0272
628	0.00892
629	0.01924
630	0.05931
631	0.0391
632	0.01529
633	0.02826
634	0.06098
635	0.01969
636	0.06371
637	0.15
638	0.01498
639	0.02186
640	0.01115
641	0.05425
642	0.05796
643	0.01704
644	0.01775
645	0.05871
646	0.05374
647	0.07125
648	0.02854
649	0.03618
650	0.02464
651	0.0208
652	0.0187
653	0.009189
654	0.05933
655	0.02629
656	0.02245
657	0.06351
658	0.00957
659	0.0396
660	0.04936
661	0.03649
662	0.01176
663	0.05571
664	0.0074
665	0.0136
666	0.0404
667	0.056
668	0.02747
669	0.04484
670	0.02151
671	0.006149
672	0.02697
673	0.01573
674	0.01951
675	0.03431
676	0.0201
677	0.01346
678	0.02938
679	0.01697
680	0.03643
681	0.05414
682	0.03354
683	0.03245
684	0.03029
685	0.04578
686	0.03117
687	0.01908
688	0.03382
689	0.03119
690	0.04169
691	0.03859
692	0.03037
693	0.02882
694	0.05774
695	0.03499
696	0.03351
697	0.03445
698	0.03034
699	0.02322
700	0.06075
701	0.01845
702	0.01599
703	0.03312
704	0.02603
705	0.01907
706	0.05988
707	0.06772
708	0.03742
709	0.02976
710	0.05662
711	0.02737
712	0.03186
713	0.07213
714	0.0524
715	0.03124
716	0.0697
717	0.05544
718	0.07978
719	0.07614
720	0.0394
721	0.05551
722	0.05571
723	0.02076
724	0.09054
725	0.073
726	0.04366
727	0.03612
728	0.04239
729	0.04611
730	0.07638
731	0.06801
732	0.03192
733	0.06964
734	0.07928
735	0.04244
736	0.09473
737	0.01886
738	0.04796
739	0.07592
740	0.04181
741	0.05558
742	0.04357
743	0.1238
744	0.02694
745	0.02541
746	0.04087
747	0.102
748	0.0721
749	0.03294
750	0.05486
201	0.02669
202	0.02649
203	0.02401
204	0.005197
205	0.01378
206	0.03093
207	0.01873
208	0.01872
209	0.007229
210	0.03648
211	0.02561
212	0.01685
213	0.0103
214	0.01506
215	0.02799
216	0.009439
217	0.01459
218	0.02361
219	0.02784
220	0.01626
221	0.01676
222	0.02124
223	0.01545
224	0.03039
225	0.01104
226	0.01156
227	0.01507
228	0.007291
229	0.002376
230	0.01659
231	0.02393
232	0.009869
233	0.02358
234	0.02101
235	0.01048
236	0.005314
237	0.01271
238	0.02099
239	0.04787
240	0.05344
241	0.004135
242	0.02459
243	0.02861
244	0.01055
245	0.05662
246	0.005914
247	0.02429
248	0.03017
249	0.01166
250	0.02087
251	0.006429
252	0.009358
253	0.04538
254	0.009922
255	0.01299
256	0.03162
257	0.01019
258	0.03152
259	0.008424
260	0.02318
261	0.009258
262	0.03979
263	0.0101
264	0.006975
265	0.01888
266	0.04447
267	0.01377
268	0.01889
269	0.02789
270	0.02513
271	0.003423
272	0.01828
273	0.01827
274	0.01905
275	0.009122
276	0.008378
277	0.024
278	0.01003
279	0.02942
280	0.02467
281	0.008636
282	0.01101
283	0.05035
284	0.02263
285	0.01708
286	0.006711
287	0.02341
288	0.03065
289	0.005309
290	0.00293
291	0.02287
292	0.009448
293	0.01166
294	0.01385
295	0.01778
296	0.0287
297	0.009156
298	0.01781
299	0.007857
300	0.009376
301	0.01356
302	0.01378
303	0.00731
304	0.006438
305	0.0109
306	0.007834
307	0.02532
308	0.02009
309	0.03549
310	0.01161
311	0.01223
312	0.01016
313	0.02103
314	0.01476
315	0.005934
316	0.02757
317	0.01064
318	0.007784
319	0.01167
320	0.004409
321	0.01566
322	0.01414
323	0.01557
324	0.007899
325	0.01822
326	0.01313
327	0.006906
328	0.03116
329	0.023
330	0.02255
331	0.02138
332	0.03572
333	0.03597
334	0.01759
335	0.008614
336	0.02853
337	0.02075
338	0.009296
339	0.03079
340	0.005244
341	0.003313
342	0.01047
343	0.01984
344	0.01029
345	0.01397
346	0.006981
347	0.004978
348	0.00789
349	0.01546
350	0.01534
351	0.02211
352	0.02139
353	0.009798
354	0.0112
355	0.01754
356	0.01736
357	0.03011
358	0.01469
359	0.004964
360	0.01258
361	0.004905
362	0.01731
363	0.008384
364	0.005224
365	0.009505
366	0.01697
367	0.01739
368	0.02632
369	0.03068
370	0.005635
371	0.01017
372	0.003402
373	0.03066
374	0.008483
375	0.02456
376	0.006395
377	0.004423
378	0.01082
379	0.005983
380	0.004326
381	0.01244
382	0.02642
383	0.03502
384	0.01622
385	0.0216
386	0.008221
387	0.004505
388	0.01159
389	0.02352
390	0.01112
391	0.006612
392	0.003937
393	0.02572
394	0.005764
395	0.03555
396	0.01544
397	0.005894
398	0.009426
399	0.007177
400	0.01103
401	0.03846
402	0.004157
403	0.02652
404	0.02004
405	0.0198
406	0.01498
407	0.01057
408	0.01704
409	0.01161
410	0.03452
411	0.01617
412	0.007001
413	0.009406
414	0.0432
415	0.03189
416	0.01688
417	0.01433
418	0.004449
419	0.04038
420	0.02179
421	0.01072
422	0.02444
423	0.02137
424	0.02042
425	0.01602
426	0.0188
427	0.01985
428	0.03668
429	0.01411
430	0.006083
431	0.003613
432	0.01726
433	0.001164
434	0.005271
435	0.01011
436	0.02029
437	0.004179
438	0.008383
439	0.01596
440	0.01149
441	0.01893
442	0.006877
443	0.01777
444	0.01634
445	0.03966
446	0.01309
447	0.02087
448	0.02118
449	0.02624
450	0.01028
451	0.003294
452	0.01262
453	0.01402
454	0.01611
455	0.01915
456	0.01768
457	0.005084
458	0.0269
459	0.01639
460	0.0226
461	0.01674
462	0.02123
463	0.005167
464	0.02814
465	0.02253
466	0.02763
467	0.01599
468	0.008048
469	0.01132
470	0.006583
471	0.01857
472	0.01505
473	0.01453
474	0.0263
475	0.02391
476	0.02471
477	0.01426
478	0.008512
479	0.01099
480	0.01001
481	0.01524
482	0.01962
483	0.0117
484	0.01229
485	0.008799
486	0.02005
487	0.004183
488	0.03884
489	0.02732
490	0.0181
491	0.01731
492	0.02664
493	0.014
494	0.01744
495	0.01713
496	0.001698
497	0.01728
498	0.005138
499	0.01212
500	0.01062
501	0.00882
502	0.0294
503	0.005314
504	0.0245
505	0.01073
506	0.009789
507	0.01232
508	0.01614
509	0.02826
510	0.01825
511	0.04042
512	0.009807
513	0.01462
514	0.0235
515	0.006441
516	0.008365
517	0.009639
518	0.02569
519	0.04871
520	0.009347
521	0.02035
522	0.02563
523	0.002389
524	0.01419
525	0.05463
526	0.008562
527	0.05098
528	0.02534
529	0.01411
530	0.02114
531	0.02332
532	0.01049
533	0.01631
534	0.01257
535	0.0125
536	0.01587
537	0.01976
538	0.02337
539	0.006457
540	0.01254
541	0.01424
542	0.0543
543	0.009091
544	0.02555
545	0.02425
546	0.006833
547	0.002942
548	0.02937
549	0.01094
550	0.03877
551	0.02581
552	0.01144
553	0.008238
554	0.02074
555	0.0142
556	0.02012
557	0.009738
558	0.007029
559	0.06163
560	0.02099
561	0.01377
562	0.02445
563	0.01833
564	0.04583
565	0.01566
566	0.03734
567	0.0355
568	0.01817
569	0.026
570	0.0477
571	0.01934
572	0.01965
573	0.01285
574	0.03998
575	0.01275
576	0.02289
577	0.007528
578	0.03314
579	0.0499
580	0.02178
581	0.02723
582	0.003536
583	0.01963
584	0.01075
585	0.02656
586	0.03394
587	0.007338
588	0.01615
589	0.04323
590	0.02598
591	0.07555
592	0.03007
593	0.01136
594	0.02586
595	0.03533
596	0.02519
597	0.01684
598	0.03018
599	0.03709
600	0.01567
601	0.01462
602	0.03085
603	0.03652
604	0.03464
605	0.04803
606	0.02476
607	0.01483
608	0.04091
609	0.01012
610	0.02035
611	0.01662
612	0.01624
613	0.05201
614	0.02425
615	0.01941
616	0.03685
617	0.02058
618	0.01857
619	0.04037
620	0.02368
621	0.00497
622	0.01604
623	0.04417
624	0.04106
625	0.006496
626	0.05852
627	0.03843
628	0.04041
629	0.06598
630	0.01814
631	0.02275
632	0.01634
633	0.0272
634	0.03957
635	0.01418
636	0.04947
637	0.02867
638	0.01292
639	0.01387
640	0.009771
641	0.01828
642	0.0434
643	0.01454
644	0.06395
645	0.007585
646	0.04182
647	0.02293
648	0.01654
649	0.006116
650	0.03574
651	0.02814
652	0.04062
653	0.02213
654	0.01143
655	0.04549
656	0.03422
657	0.04597
658	0.02734
659	0.009101
660	0.02756
661	0.01808
662	0.05046
663	0.02327
664	0.01547
665	0.003525
666	0.02733
667	0.02733
668	0.03903
669	0.02122
670	0.02528
671	0.02351
672	0.03202
673	0.02658
674	0.01341
675	0.01433
676	0.02636
677	0.02357
678	0.02622
679	0.02346
680	0.01563
681	0.005091
682	0.04888
683	0.01337
684	0.01236
685	0.01977
686	0.05093
687	0.01659
688	0.0499
689	0.03678
690	0.01214
691	0.02305
692	0.01851
693	0.007696
694	0.03847
695	0.01175
696	0.04805
697	0.04047
698	0.09177
699	0.01556
700	0.02192
701	0.01895
702	0.05093
703	0.04661
704	0.03886
705	0.0281
706	0.05206
707	0.04223
708	0.01615
709	0.05977
710	0.01951
711	0.03049
712	0.009224
713	0.04085
714	0.02063
715	0.05491
716	0.01284
717	0.02353
718	0.02052
719	0.03483
720	0.01635
721	0.02894
722	0.08078
723	0.05238
724	0.04268
725	0.04234
726	0.009069
727	0.09065
728	0.04378
729	0.08925
730	0.02547
731	0.01128
732	0.01713
733	0.05448
734	0.02213
735	0.03152
736	0.05239
737	0.008963
738	0.03517
739	0.02518
740	0.05725
741	0.03738
742	0.09053
743	0.0239
744	0.02195
745	0.01206
746	0.05019
747	0.06393
748	0.05992
749	0.04278
750	0.02577
201	449.0
202	283.6
203	1204.0
204	835.8
205	576.2
206	226.2
207	186.5
208	666.2
209	735.5
210	580.5
211	1159.0
212	253.6
213	206.3
214	97.55
215	266.6
216	238.6
217	443.8
218	125.2
219	286.3
220	406.1
221	330.7
222	155.0
223	219.3
224	469.5
225	302.7
226	2056.0
227	2173.0
228	127.4
229	48.64
230	271.0
231	161.2
232	83.15
233	21.1
234	107.7
235	269.9
236	468.3
237	550.1
238	367.2
239	1037.0
240	635.4
241	1450.0
242	754.2
243	894.7
244	1104.0
245	610.4
246	1124.0
247	267.4
248	304.8
249	215.2
250	221.1
251	442.5
252	841.7
253	2371.0
254	617.5
255	1021.0
256	354.8
257	200.6
258	93.66
259	41.96
260	34.89
261	60.24
262	23.12
263	207.7
264	26.43
265	42.94
266	67.56
267	6.589
268	50.41
269	155.5
270	90.99
271	137.8
272	63.73
273	39.08
274	111.7
275	72.47
276	20.89
277	65.64
278	276.5
279	752.3
280	375.6
281	215.5
282	79.15
283	96.01
284	92.76
285	35.1
286	163.4
287	912.7
288	599.3
289	1154.0
290	3017.0
291	359.1
292	431.2
293	90.97
294	65.28
295	194.0
296	95.65
297	123.9
298	257.3
299	67.8
300	78.14
301	581.6
302	1563.0
303	604.9
304	959.2
305	348.9
306	161.3
307	295.5
308	68.71
309	100.3
310	30.81
311	19.05
312	62.32
313	83.11
314	619.2
315	88.69
316	42.84
317	66.05
318	108.1
319	121.6
320	67.98
321	62.73
322	116.3
323	432.2
324	191.6
325	93.26
326	66.54
327	264.6
328	123.1
329	224.4
330	251.9
331	114.7
332	126.6
333	114.0
334	84.94
335	314.3
336	144.6
337	259.0
338	857.6
339	159.5
340	596.8
341	408.0
342	447.6
343	1801.0
344	3069.0
345	3761.0
346	948.6
347	380.9
348	163.0
349	49.7
350	30.95
351	156.3
352	192.9
353	340.6
354	812.9
355	1446.0
356	1063.0
357	1124.0
358	612.0
359	486.2
360	110.2
361	71.27
362	71.97
363	127.4
364	48.95
365	101.4
366	35.06
367	178.0
368	207.9
369	347.4
370	428.2
371	186.1
372	860.9
373	386.2
374	129.8
375	192.0
376	342.0
377	128.5
378	92.09
379	22.52
380	93.03
381	128.9
382	434.7
383	265.0
384	155.7
385	328.4
386	83.39
387	151.4
388	14.95
389	58.71
390	59.12
391	94.03
392	121.0
393	137.1
394	47.82
395	86.56
396	203.3
397	400.8
398	202.5
399	303.9
400	217.0
401	464.9
402	163.5
403	515.5
404	71.07
405	78.18
406	165.8
407	104.7
408	33.49
409	27.36
410	26.41
411	103.7
412	253.2
413	124.8
414	159.2
415	109.6
416	398.3
417	295.7
418	80.42
419	59.52
420	142.4
421	35.45
422	141.3
423	474.0
424	306.3
425	106.6
426	717.3
427	352.0
428	173.7
429	623.2
430	1551.0
431	998.1
432	1031.0
433	123.4
434	15.05
435	46.74
436	335.2
437	264.8
438	69.71
439	47.89
440	30.09
441	33.38
442	96.41
443	116.2
444	321.0
445	291.4
446	266.5
447	293.4
448	438.5
449	130.6
450	63.5
451	548.8
452	331.1
453	451.2
454	244.8
455	59.89
456	27.91
457	150.5
458	90.93
459	31.45
460	34.64
461	273.7
462	972.0
463	912.9
464	1647.0
465	1258.0
466	1278.0
467	377.1
468	180.6
469	108.5
470	232.7
471	188.7
472	204.1
473	35.24
474	141.4
475	323.1
476	474.8
477	550.7
478	301.5
479	655.6
480	1544.0
481	131.4
482	113.6
483	65.46
484	190.4
485	324.7
486	170.7
487	122.1
488	134.7
489	75.59
490	324.9
491	64.07
492	72.69
493	27.71
494	36.62
495	72.85
496	82.94
497	42.26
498	164.3
499	76.38
500	88.15
501	82.64
502	150.4
503	358.9
504	112.9
505	106.8
506	238.2
507	248.7
508	43.61
509	44.43
510	26.51
511	72.8
512	40.53
513	104.3
514	228.4
515	99.87
516	275.7
517	359.1
518	113.3
519	251.8
520	1593.0
521	533.5
522	175.9
523	315.6
524	91.84
525	59.97
526	47.82
527	87.69
528	172.0
529	286.9
530	702.0
531	657.5
532	1465.0
533	649.3
534	677.9
535	475.6
536	381.6
537	390.9
538	373.6
539	470.4
540	181.3
541	137.0
542	282.5
543	1032.0
544	288.4
545	150.9
546	57.53
547	55.25
548	32.21
549	81.53
550	150.2
551	97.37
552	140.5
553	530.1
554	1111.0
555	221.6
556	154.7
557	273.3
558	83.23
559	142.9
560	304.7
561	257.5
562	147.5
563	526.3
564	742.4
565	359.0
566	113.1
567	101.4
568	95.37
569	76.17
570	138.0
571	278.0
572	337.9
573	2671.0
574	2912.0
575	1971.0
576	870.6
577	993.3
578	474.1
579	98.26
580	108.6
581	56.28
582	66.16
583	121.7
584	271.4
585	588.6
586	640.2
587	1694.0
588	643.1
589	334.4
590	401.5
591	122.0
592	48.18
593	50.53
594	26.94
595	53.31
596	36.71
597	89.97
598	665.6
599	697.1
600	518.4
601	1058.0
602	2014.0
603	2001.0
604	1630.0
605	1822.0
606	1898.0
607	1169.0
608	550.5
609	108.0
610	121.5
611	182.0
612	137.5
613	162.5
614	70.34
615	55.2
616	68.63
617	41.21
618	96.48
619	834.2
620	1384.0
621	914.3
622	753.6
623	181.1
624	320.0
625	1356.0
626	899.3
627	926.8
628	1476.0
629	1949.0
630	172.8
631	173.5
632	112.9
633	677.8
634	248.1
635	147.0
636	520.0
637	157.1
638	120.5
639	39.99
640	86.06
641	198.5
642	757.6
643	268.9
644	941.3
645	603.8
646	316.1
647	525.3
648	1074.0
649	475.6
650	175.7
651	130.8
652	24.99
653	30.12
654	53.14
655	182.7
656	116.3
657	40.88
658	75.89
659	66.88
660	43.83
661	101.4
662	39.61
663	273.0
664	765.7
665	1070.0
666	409.7
667	592.0
668	1437.0
669	234.9
670	42.14
671	25.32
672	85.43
673	156.9
674	36.07
675	29.31
676	158.4
677	112.7
678	40.31
679	73.41
680	64.53
681	39.77
682	98.75
683	71.59
684	365.6
685	81.81
686	163.8
687	127.0
688	106.3
689	24.29
690	24.78
691	33.56
692	31.58
693	48.38
694	66.69
695	33.26
696	26.82
697	36.94
698	63.79
699	55.48
700	130.3
701	161.6
702	121.4
703	83.21
704	58.92
705	49.65
706	39.26
707	35.36
708	77.0
709	61.46
710	158.2
711	247.0
712	99.31
713	54.37
714	55.53
715	125.4
716	48.09
717	30.92
718	44.46
719	183.0
720	311.9
721	64.1
722	156.3
723	347.0
724	134.4
725	44.29
726	77.55
727	110.7
728	168.5
729	718.8
730	347.3
731	272.0
732	143.7
733	97.57
734	144.7
735	255.4
736	607.0
737	414.6
738	685.2
739	422.8
740	235.9
741	387.2
742	842.6
743	335.9
744	113.7
745	275.9
746	260.3
747	166.6
748	56.0
749	23.42
750	48.5
