41	-2.839
42	-2.641
43	-2.528
44	-2.534
45	-2.453
46	-2.433
47	-2.574
48	-2.467
49	-2.462
50	-2.412
51	-2.464
52	-2.574
53	-2.654
54	-2.636
55	-2.667
56	-2.522
57	-2.63
58	-2.578
59	-2.456
60	-2.375
61	-2.338
62	-2.372
63	-2.411
64	-2.357
65	-2.382
66	-2.354
67	-2.187
68	-2.259
69	-2.277
70	-2.294
71	-2.149
72	-2.007
73	-1.999
74	-1.939
75	-1.921
76	-1.823
77	-1.825
78	-1.747
79	-1.662
80	-1.659
81	-1.586
82	-1.577
83	-1.577
84	-1.572
85	-1.518
86	-1.51
87	-1.61
88	-1.575
89	-1.549
90	-1.569
91	-1.488
92	-1.631
93	-1.572
94	-1.611
95	-1.578
96	-1.55
97	-1.608
98	-1.608
99	-1.627
100	-1.558
101	-1.56
102	-1.583
103	-1.608
104	-1.539
105	-1.528
106	-1.65
107	-1.588
108	-1.601
109	-1.543
110	-1.584
111	-1.555
112	-1.51
113	-1.559
114	-1.588
115	-1.483
116	-1.557
117	-1.509
118	-1.615
119	-1.644
120	-1.547
121	-1.541
122	-1.597
123	-1.601
124	-1.624
125	-1.564
126	-1.546
127	-1.536
128	-1.603
129	-1.563
130	-1.567
131	-1.546
132	-1.575
133	-1.558
134	-1.578
135	-1.587
136	-1.559
137	-1.544
138	-1.602
139	-1.6
140	-1.605
141	-1.568
142	-1.473
143	-1.581
144	-1.534
145	-1.571
146	-1.563
147	-1.609
148	-1.599
149	-1.555
150	-1.583
151	-1.593
152	-1.53
153	-1.616
154	-1.531
155	-1.557
156	-1.538
157	-1.563
158	-1.55
159	-1.596
160	-1.584
161	-1.723
162	-1.628
163	-1.546
164	-1.542
165	-1.592
166	-1.532
167	-1.581
168	-1.502
169	-1.554
170	-1.599
171	-1.55
172	-1.588
173	-1.642
174	-1.533
175	-1.629
176	-1.581
177	-1.601
178	-1.624
179	-1.546
180	-1.627
181	-1.545
182	-1.518
183	-1.582
184	-1.644
185	-1.578
186	-1.647
187	-1.617
188	-1.593
189	-1.631
190	-1.49
191	-1.632
192	-1.569
193	-1.569
194	-1.566
195	-1.562
196	-1.563
197	-1.579
198	-1.573
199	-1.59
200	-1.581
201	-1.565
202	-1.538
203	-1.531
204	-1.528
205	-1.549
206	-1.616
207	-1.51
208	-1.545
209	-1.529
210	-1.602
211	-1.604
212	-1.584
213	-1.576
214	-1.552
215	-1.588
216	-1.596
217	-1.539
218	-1.639
219	-1.625
220	-1.577
221	-1.56
222	-1.53
223	-1.543
224	-1.549
225	-1.539
226	-1.512
227	-1.585
228	-1.589
229	-1.563
230	-1.516
231	-1.571
232	-1.565
233	-1.53
234	-1.566
235	-1.565
236	-1.567
237	-1.615
238	-1.562
239	-1.571
240	-1.567
241	-1.574
242	-1.601
243	-1.672
244	-1.584
245	-1.602
246	-1.56
247	-1.594
248	-1.524
249	-1.524
250	-1.559
251	-1.572
252	-1.54
253	-1.502
254	-1.58
255	-1.505
256	-1.483
257	-1.574
258	-1.596
259	-1.549
260	-1.577
261	-1.624
262	-1.557
263	-1.58
264	-1.604
265	-1.557
266	-1.571
267	-1.527
268	-1.527
269	-1.524
270	-1.55
271	-1.543
272	-1.531
273	-1.577
274	-1.608
275	-1.52
276	-1.526
277	-1.547
278	-1.551
279	-1.572
280	-1.58
281	-1.563
282	-1.547
283	-1.613
284	-1.583
285	-1.559
286	-1.581
287	-1.494
288	-1.64
289	-1.541
290	-1.573
291	-1.601
292	-1.637
293	-1.577
294	-1.513
295	-1.512
296	-1.62
297	-1.599
298	-1.532
299	-1.552
300	-1.619
301	-1.615
302	-1.627
303	-1.596
304	-1.529
305	-1.504
306	-1.558
307	-1.58
308	-1.585
309	-1.516
310	-1.515
311	-1.591
312	-1.532
313	-1.558
314	-1.586
315	-1.58
316	-1.613
317	-1.566
318	-1.573
319	-1.556
320	-1.55
321	-1.61
322	-1.561
323	-1.562
324	-1.617
325	-1.702
326	-1.529
327	-1.562
328	-1.556
329	-1.559
330	-1.487
331	-1.623
332	-1.596
333	-1.597
334	-1.651
335	-1.536
336	-1.5
337	-1.553
338	-1.562
339	-1.551
340	-1.538
341	-1.569
342	-1.572
343	-1.61
344	-1.547
345	-1.61
346	-1.559
347	-1.548
348	-1.565
349	-1.584
350	-1.574
351	-1.564
352	-1.572
353	-1.537
354	-1.571
355	-1.561
356	-1.633
357	-1.571
358	-1.524
359	-1.584
360	-1.552
361	-1.568
362	-1.651
363	-1.56
364	-1.566
365	-1.602
366	-1.579
367	-1.603
368	-1.56
369	-1.519
370	-1.534
371	-1.517
372	-1.554
373	-1.717
374	-1.69
375	-1.561
376	-1.542
377	-1.463
378	-1.484
379	-1.603
380	-1.548
381	-1.527
382	-1.574
383	-1.581
384	-1.597
385	-1.539
386	-1.549
387	-1.534
388	-1.54
389	-1.425
390	-1.575
391	-1.577
392	-1.622
393	-1.574
394	-1.57
395	-1.555
396	-1.555
397	-1.595
398	-1.612
399	-1.539
400	-1.501
401	-1.595
402	-1.547
403	-1.608
404	-1.54
405	-1.587
406	-1.636
407	-1.544
408	-1.585
409	-1.55
410	-1.641
411	-1.524
412	-1.515
413	-1.574
414	-1.586
415	-1.569
416	-1.49
417	-1.555
418	-1.547
419	-1.612
420	-1.485
421	-1.582
422	-1.646
423	-1.611
424	-1.609
425	-1.561
426	-1.576
427	-1.543
428	-1.492
429	-1.597
430	-1.603
431	-1.572
432	-1.592
433	-1.551
434	-1.607
435	-1.552
436	-1.598
437	-1.53
438	-1.497
439	-1.564
440	-1.646
441	-1.605
442	-1.529
443	-1.579
444	-1.606
445	-1.554
446	-1.538
447	-1.595
448	-1.602
449	-1.543
450	-1.543
451	-1.644
452	-1.561
453	-1.598
454	-1.581
455	-1.503
456	-1.587
457	-1.559
458	-1.577
459	-1.554
460	-1.579
461	-1.558
462	-1.598
463	-1.584
464	-1.57
465	-1.551
466	-1.504
467	-1.477
468	-1.571
469	-1.535
470	-1.481
471	-1.54
472	-1.552
473	-1.567
474	-1.576
475	-1.564
476	-1.603
477	-1.607
478	-1.52
479	-1.593
480	-1.573
481	-1.575
482	-1.616
483	-1.558
484	-1.553
485	-1.561
486	-1.634
487	-1.559
488	-1.533
489	-1.601
490	-1.62
491	-1.689
492	-1.592
493	-1.531
494	-1.563
495	-1.539
496	-1.612
497	-1.554
498	-1.646
499	-1.566
500	-1.574
501	-1.599
502	-1.535
503	-1.561
504	-1.557
505	-1.57
506	-1.577
507	-1.645
508	-1.615
509	-1.541
510	-1.596
511	-1.577
512	-1.533
513	-1.521
514	-1.557
515	-1.541
516	-1.528
517	-1.559
518	-1.564
519	-1.577
520	-1.564
521	-1.578
522	-1.547
523	-1.578
524	-1.608
525	-1.616
526	-1.567
527	-1.523
528	-1.56
529	-1.572
530	-1.625
531	-1.584
532	-1.492
533	-1.572
534	-1.554
535	-1.531
536	-1.58
537	-1.584
538	-1.538
539	-1.611
540	-1.548
541	-1.479
542	-1.566
543	-1.556
544	-1.553
545	-1.58
546	-1.632
547	-1.627
548	-1.588
549	-1.571
550	-1.597
551	-1.567
552	-1.606
553	-1.56
554	-1.519
555	-1.545
556	-1.627
557	-1.586
558	-1.621
559	-1.585
560	-1.526
561	-1.584
562	-1.565
563	-1.589
564	-1.561
565	-1.604
566	-1.624
567	-1.588
568	-1.53
569	-1.548
570	-1.571
571	-1.616
572	-1.544
573	-1.662
574	-1.624
575	-1.49
576	-1.526
577	-1.526
578	-1.555
579	-1.584
580	-1.498
581	-1.587
582	-1.597
583	-1.569
584	-1.604
585	-1.559
586	-1.574
587	-1.575
588	-1.604
589	-1.563
590	-1.573
591	-1.514
592	-1.54
593	-1.554
594	-1.575
595	-1.519
596	-1.586
597	-1.594
598	-1.537
599	-1.533
600	-1.566
601	-1.595
602	-1.61
603	-1.553
604	-1.61
605	-1.537
606	-1.513
607	-1.669
608	-1.488
609	-1.542
610	-1.603
611	-1.558
612	-1.564
613	-1.578
614	-1.549
615	-1.55
616	-1.509
617	-1.575
618	-1.612
619	-1.606
620	-1.599
621	-1.575
622	-1.578
623	-1.55
624	-1.542
625	-1.578
626	-1.525
627	-1.602
628	-1.567
629	-1.563
630	-1.566
631	-1.51
632	-1.594
633	-1.598
634	-1.567
635	-1.551
636	-1.607
637	-1.524
638	-1.564
639	-1.597
640	-1.552
641	-1.577
642	-1.564
643	-1.472
644	-1.532
645	-1.514
646	-1.518
647	-1.595
648	-1.623
649	-1.627
650	-1.514
651	-1.563
652	-1.56
653	-1.506
654	-1.542
655	-1.484
656	-1.51
657	-1.618
658	-1.604
659	-1.601
660	-1.502
661	-1.533
662	-1.626
663	-1.547
664	-1.623
665	-1.609
666	-1.557
667	-1.564
668	-1.494
669	-1.599
670	-1.546
671	-1.67
672	-1.592
673	-1.511
674	-1.572
675	-1.582
676	-1.59
677	-1.548
678	-1.518
679	-1.491
680	-1.517
681	-1.579
682	-1.567
683	-1.559
684	-1.668
685	-1.579
686	-1.533
687	-1.449
688	-1.396
689	-1.483
690	-1.529
691	-1.58
692	-1.549
693	-1.579
694	-1.568
695	-1.597
696	-1.538
697	-1.566
698	-1.54
699	-1.585
700	-1.545
701	-1.578
702	-1.568
703	-1.595
704	-1.537
705	-1.577
706	-1.54
707	-1.558
708	-1.602
709	-1.576
710	-1.558
711	-1.563
712	-1.565
713	-1.525
714	-1.525
715	-1.518
716	-1.573
717	-1.532
718	-1.591
719	-1.565
720	-1.57
721	-1.555
722	-1.539
723	-1.56
724	-1.532
725	-1.533
726	-1.586
727	-1.569
728	-1.603
729	-1.573
730	-1.557
731	-1.642
732	-1.603
733	-1.583
734	-1.574
735	-1.573
736	-1.533
737	-1.526
738	-1.6
739	-1.59
740	-1.598
741	-1.632
742	-1.545
743	-1.592
744	-1.539
745	-1.509
746	-1.576
747	-1.591
748	-1.57
749	-1.603
750	-1.603
751	-1.488
752	-1.565
753	-1.543
754	-1.598
755	-1.602
756	-1.549
757	-1.533
758	-1.595
759	-1.525
760	-1.554
761	-1.538
762	-1.524
763	-1.549
764	-1.532
765	-1.623
766	-1.596
767	-1.565
768	-1.656
769	-1.613
770	-1.626
771	-1.673
772	-1.627
773	-1.611
774	-1.596
775	-1.677
776	-1.602
777	-1.457
778	-1.521
779	-1.54
780	-1.562
781	-1.535
782	-1.53
783	-1.61
784	-1.58
785	-1.614
786	-1.565
787	-1.541
788	-1.603
789	-1.627
790	-1.575
791	-1.56
792	-1.588
793	-1.645
794	-1.597
795	-1.555
796	-1.602
797	-1.637
798	-1.598
799	-1.606
800	-1.568
801	-1.566
802	-1.615
803	-1.596
804	-1.552
805	-1.577
806	-1.499
807	-1.562
808	-1.57
809	-1.576
810	-1.639
811	-1.601
812	-1.533
813	-1.568
814	-1.566
815	-1.577
816	-1.573
817	-1.557
818	-1.554
819	-1.554
820	-1.55
821	-1.543
822	-1.609
823	-1.569
824	-1.566
825	-1.614
826	-1.497
827	-1.638
828	-1.594
829	-1.614
830	-1.505
831	-1.568
832	-1.579
833	-1.618
834	-1.53
835	-1.519
836	-1.621
837	-1.597
838	-1.579
839	-1.558
840	-1.517
841	-1.49
842	-1.55
843	-1.506
844	-1.502
845	-1.528
846	-1.552
847	-1.567
848	-1.611
849	-1.597
850	-1.533
851	-1.642
852	-1.592
853	-1.501
854	-1.506
855	-1.599
856	-1.558
857	-1.568
858	-1.496
859	-1.529
860	-1.577
861	-1.635
862	-1.587
863	-1.593
864	-1.561
865	-1.581
866	-1.551
867	-1.614
868	-1.604
869	-1.537
870	-1.586
871	-1.621
872	-1.648
873	-1.563
874	-1.618
875	-1.584
876	-1.557
877	-1.569
878	-1.538
879	-1.536
880	-1.569
881	-1.549
882	-1.593
883	-1.597
884	-1.547
885	-1.491
886	-1.584
887	-1.532
888	-1.608
889	-1.572
890	-1.594
891	-1.58
892	-1.46
893	-1.651
894	-1.595
895	-1.684
896	-1.6
897	-1.525
898	-1.613
899	-1.582
900	-1.554
901	-1.578
902	-1.586
903	-1.576
904	-1.581
905	-1.563
906	-1.571
907	-1.52
908	-1.585
909	-1.566
910	-1.564
911	-1.577
912	-1.558
913	-1.568
914	-1.599
915	-1.541
916	-1.492
917	-1.595
918	-1.623
919	-1.621
920	-1.606
921	-1.509
922	-1.538
923	-1.575
924	-1.568
925	-1.52
926	-1.529
927	-1.524
928	-1.648
929	-1.569
930	-1.588
931	-1.596
932	-1.583
933	-1.585
934	-1.536
935	-1.634
936	-1.615
937	-1.614
938	-1.57
939	-1.589
940	-1.564
941	-1.589
942	-1.618
943	-1.558
944	-1.61
945	-1.57
946	-1.567
947	-1.624
948	-1.57
949	-1.597
950	-1.628
951	-1.546
952	-1.604
953	-1.579
954	-1.575
955	-1.576
956	-1.541
957	-1.573
958	-1.643
959	-1.571
960	-1.538
961	-1.593
962	-1.495
963	-1.602
964	-1.542
965	-1.595
966	-1.538
967	-1.546
968	-1.577
969	-1.549
970	-1.575
971	-1.568
972	-1.473
973	-1.582
974	-1.53
975	-1.577
976	-1.548
977	-1.581
978	-1.5
979	-1.515
980	-1.535
981	-1.532
982	-1.518
983	-1.574
984	-1.557
985	-1.638
986	-1.541
987	-1.493
988	-1.567
989	-1.582
990	-1.546
991	-1.522
992	-1.571
993	-1.575
994	-1.589
995	-1.593
996	-1.582
997	-1.57
998	-1.558
999	-1.588
1000	-1.509
41	-0.3763
42	-0.4911
43	-0.4982
44	-0.4432
45	-0.5341
46	-0.3709
47	-0.4269
48	-0.4559
49	-0.44
50	-0.3904
51	-0.3884
52	-0.46
53	-0.2817
54	-0.4066
55	-0.4383
56	-0.5713
57	-0.4236
58	-0.4316
59	-0.4554
60	-0.506
61	-0.4372
62	-0.4058
63	-0.4082
64	-0.4597
65	-0.4037
66	-0.3926
67	-0.4071
68	-0.4019
69	-0.3074
70	-0.3692
71	-0.421
72	-0.3948
73	-0.3918
74	-0.4448
75	-0.5075
76	-0.5064
77	-0.3711
78	-0.4347
79	-0.4488
80	-0.3906
81	-0.4985
82	-0.4596
83	-0.5209
84	-0.4176
85	-0.479
86	-0.4314
87	-0.3631
88	-0.3838
89	-0.5051
90	-0.4911
91	-0.5517
92	-0.3641
93	-0.4494
94	-0.3258
95	-0.371
96	-0.5014
97	-0.3911
98	-0.4189
99	-0.3577
100	-0.4057
101	-0.4366
102	-0.3948
103	-0.4539
104	-0.3898
105	-0.4594
106	-0.3184
107	-0.439
108	-0.4025
109	-0.4681
110	-0.3807
111	-0.4362
112	-0.4178
113	-0.4236
114	-0.5042
115	-0.5174
116	-0.471
117	-0.4799
118	-0.341
119	-0.3379
120	-0.4594
121	-0.3778
122	-0.3912
123	-0.3551
124	-0.4472
125	-0.5031
126	-0.4125
127	-0.4325
128	-0.3602
129	-0.3627
130	-0.3787
131	-0.4766
132	-0.4367
133	-0.4381
134	-0.3907
135	-0.3703
136	-0.4473
137	-0.4655
138	-0.3647
139	-0.4206
140	-0.4246
141	-0.4388
142	-0.5284
143	-0.4555
144	-0.4093
145	-0.386
146	-0.4492
147	-0.3184
148	-0.4009
149	-0.4203
150	-0.4393
151	-0.3759
152	-0.4048
153	-0.338
154	-0.5143
155	-0.4038
156	-0.4896
157	-0.4367
158	-0.4556
159	-0.441
160	-0.3924
161	-0.4123
162	-0.4283
163	-0.563
164	-0.494
165	-0.3516
166	-0.4997
167	-0.4164
168	-0.4682
169	-0.4323
170	-0.3685
171	-0.4145
172	-0.3519
173	-0.3251
174	-0.5078
175	-0.3225
176	-0.3866
177	-0.3648
178	-0.3953
179	-0.4391
180	-0.3508
181	-0.4523
182	-0.5122
183	-0.3674
184	-0.3715
185	-0.396
186	-0.3804
187	-0.4432
188	-0.3951
189	-0.3556
190	-0.4615
191	-0.4023
192	-0.3757
193	-0.4504
194	-0.4411
195	-0.3543
196	-0.4591
197	-0.4398
198	-0.4164
199	-0.3708
200	-0.4105
201	-0.4323
202	-0.4792
203	-0.529
204	-0.525
205	-0.4057
206	-0.3728
207	-0.3724
208	-0.4942
209	-0.4625
210	-0.45
211	-0.4326
212	-0.4365
213	-0.5637
214	-0.435
215	-0.3888
216	-0.4392
217	-0.464
218	-0.3504
219	-0.4449
220	-0.433
221	-0.4124
222	-0.3812
223	-0.4163
224	-0.3859
225	-0.4166
226	-0.4441
227	-0.4745
228	-0.4404
229	-0.4162
230	-0.4818
231	-0.395
232	-0.4179
233	-0.4534
234	-0.4594
235	-0.4011
236	-0.3476
237	-0.3983
238	-0.452
239	-0.3586
240	-0.49
241	-0.4239
242	-0.4486
243	-0.3705
244	-0.5167
245	-0.3626
246	-0.4003
247	-0.3318
248	-0.4729
249	-0.4083
250	-0.5198
251	-0.523
252	-0.4188
253	-0.4191
254	-0.4364
255	-0.49
256	-0.4221
257	-0.4667
258	-0.3791
259	-0.4923
260	-0.4452
261	-0.3886
262	-0.4566
263	-0.3491
264	-0.4121
265	-0.375
266	-0.4095
267	-0.4816
268	-0.3617
269	-0.5104
270	-0.421
271	-0.4594
272	-0.4515
273	-0.3806
274	-0.4178
275	-0.3865
276	-0.4425
277	-0.4992
278	-0.3939
279	-0.5016
280	-0.4131
281	-0.3605
282	-0.4702
283	-0.339
284	-0.4127
285	-0.3981
286	-0.3757
287	-0.4847
288	-0.4439
289	-0.4792
290	-0.4353
291	-0.5023
292	-0.4145
293	-0.373
294	-0.5029
295	-0.4741
296	-0.3619
297	-0.4304
298	-0.4834
299	-0.509
300	-0.4558
301	-0.3884
302	-0.3237
303	-0.47
304	-0.3882
305	-0.3566
306	-0.4244
307	-0.3351
308	-0.4636
309	-0.4804
310	-0.4442
311	-0.4261
312	-0.4088
313	-0.4467
314	-0.4556
315	-0.4924
316	-0.3869
317	-0.4034
318	-0.4317
319	-0.4268
320	-0.4148
321	-0.3798
322	-0.4505
323	-0.3443
324	-0.3843
325	-0.3974
326	-0.4548
327	-0.3973
328	-0.4115
329	-0.4211
330	-0.4441
331	-0.3982
332	-0.4584
333	-0.4186
334	-0.4256
335	-0.5027
336	-0.4165
337	-0.4667
338	-0.5526
339	-0.4547
340	-0.4711
341	-0.4329
342	-0.4337
343	-0.4233
344	-0.4269
345	-0.3765
346	-0.3436
347	-0.4323
348	-0.4108
349	-0.4456
350	-0.4169
351	-0.3917
352	-0.4571
353	-0.5153
354	-0.4306
355	-0.4901
356	-0.4313
357	-0.4481
358	-0.4922
359	-0.4711
360	-0.523
361	-0.4097
362	-0.3283
363	-0.4268
364	-0.4871
365	-0.4564
366	-0.3718
367	-0.3806
368	-0.5373
369	-0.5043
370	-0.4686
371	-0.4925
372	-0.3994
373	-0.4102
374	-0.2916
375	-0.4953
376	-0.4313
377	-0.4445
378	-0.4724
379	-0.4058
380	-0.4319
381	-0.4658
382	-0.4559
383	-0.4352
384	-0.3599
385	-0.4527
386	-0.4216
387	-0.3034
388	-0.4859
389	-0.537
390	-0.4188
391	-0.4298
392	-0.3708
393	-0.4873
394	-0.3858
395	-0.4772
396	-0.5054
397	-0.3001
398	-0.4547
399	-0.4124
400	-0.375
401	-0.4046
402	-0.4977
403	-0.3773
404	-0.4436
405	-0.3145
406	-0.3747
407	-0.3993
408	-0.4183
409	-0.4338
410	-0.3977
411	-0.4639
412	-0.4778
413	-0.3913
414	-0.3999
415	-0.4886
416	-0.4219
417	-0.3835
418	-0.4516
419	-0.3999
420	-0.4213
421	-0.4369
422	-0.4119
423	-0.4063
424	-0.438
425	-0.4028
426	-0.5123
427	-0.5016
428	-0.3989
429	-0.3901
430	-0.4002
431	-0.4597
432	-0.4394
433	-0.3627
434	-0.4531
435	-0.4926
436	-0.2844
437	-0.5159
438	-0.4198
439	-0.5008
440	-0.3876
441	-0.3601
442	-0.4644
443	-0.3736
444	-0.4678
445	-0.4927
446	-0.3818
447	-0.4505
448	-0.3735
449	-0.4202
450	-0.4272
451	-0.4147
452	-0.3861
453	-0.4136
454	-0.3399
455	-0.4532
456	-0.4633
457	-0.4298
458	-0.3945
459	-0.3737
460	-0.5101
461	-0.4021
462	-0.3474
463	-0.4624
464	-0.4066
465	-0.4084
466	-0.4735
467	-0.5377
468	-0.466
469	-0.4196
470	-0.5057
471	-0.4067
472	-0.461
473	-0.4143
474	-0.382
475	-0.4036
476	-0.3662
477	-0.3923
478	-0.5012
479	-0.3393
480	-0.4086
481	-0.3713
482	-0.3928
483	-0.4845
484	-0.3418
485	-0.4224
486	-0.4003
487	-0.3959
488	-0.5195
489	-0.431
490	-0.4467
491	-0.4884
492	-0.4336
493	-0.4464
494	-0.4595
495	-0.4473
496	-0.4269
497	-0.4436
498	-0.4405
499	-0.4284
500	-0.4565
501	-0.4181
502	-0.4764
503	-0.4844
504	-0.4998
505	-0.3779
506	-0.3221
507	-0.3727
508	-0.371
509	-0.4295
510	-0.4584
511	-0.4823
512	-0.5482
513	-0.5069
514	-0.4273
515	-0.4437
516	-0.4306
517	-0.45
518	-0.548
519	-0.3885
520	-0.3702
521	-0.3674
522	-0.4861
523	-0.3657
524	-0.4094
525	-0.3602
526	-0.451
527	-0.4542
528	-0.4455
529	-0.4746
530	-0.4665
531	-0.4221
532	-0.5134
533	-0.4514
534	-0.5228
535	-0.4056
536	-0.4423
537	-0.3479
538	-0.4227
539	-0.4469
540	-0.469
541	-0.4972
542	-0.4401
543	-0.4607
544	-0.5105
545	-0.4378
546	-0.4327
547	-0.3727
548	-0.4368
549	-0.4634
550	-0.3807
551	-0.4193
552	-0.4034
553	-0.4527
554	-0.4533
555	-0.4633
556	-0.3818
557	-0.5129
558	-0.4568
559	-0.406
560	-0.4891
561	-0.4024
562	-0.4143
563	-0.3449
564	-0.3701
565	-0.3773
566	-0.3826
567	-0.4211
568	-0.4988
569	-0.4056
570	-0.4184
571	-0.3994
572	-0.499
573	-0.4146
574	-0.3974
575	-0.5282
576	-0.4973
577	-0.5351
578	-0.3978
579	-0.4022
580	-0.5052
581	-0.4317
582	-0.488
583	-0.4391
584	-0.3619
585	-0.4342
586	-0.4358
587	-0.4051
588	-0.3661
589	-0.5253
590	-0.5277
591	-0.4598
592	-0.374
593	-0.4914
594	-0.4366
595	-0.4353
596	-0.4093
597	-0.4115
598	-0.4967
599	-0.3999
600	-0.3957
601	-0.4573
602	-0.3737
603	-0.3815
604	-0.3811
605	-0.384
606	-0.4849
607	-0.3175
608	-0.4102
609	-0.4008
610	-0.4049
611	-0.4134
612	-0.3666
613	-0.3824
614	-0.505
615	-0.4497
616	-0.5126
617	-0.3807
618	-0.3649
619	-0.4743
620	-0.3993
621	-0.4577
622	-0.4027
623	-0.4805
624	-0.4798
625	-0.3655
626	-0.4443
627	-0.3392
628	-0.386
629	-0.3207
630	-0.4656
631	-0.4811
632	-0.3898
633	-0.3647
634	-0.4505
635	-0.4019
636	-0.3811
637	-0.444
638	-0.4292
639	-0.4088
640	-0.4692
641	-0.4194
642	-0.4099
643	-0.3584
644	-0.4724
645	-0.4764
646	-0.438
647	-0.3858
648	-0.4064
649	-0.4032
650	-0.4909
651	-0.4227
652	-0.4966
653	-0.4504
654	-0.4965
655	-0.5004
656	-0.5488
657	-0.3696
658	-0.3843
659	-0.3776
660	-0.4338
661	-0.4629
662	-0.4135
663	-0.4371
664	-0.398
665	-0.4289
666	-0.4422
667	-0.4398
668	-0.4665
669	-0.4849
670	-0.4571
671	-0.4184
672	-0.4159
673	-0.5053
674	-0.4374
675	-0.4014
676	-0.3998
677	-0.4765
678	-0.4737
679	-0.4974
680	-0.3731
681	-0.4314
682	-0.4661
683	-0.5009
684	-0.4422
685	-0.3682
686	-0.5027
687	-0.5414
688	-0.442
689	-0.4157
690	-0.3888
691	-0.4569
692	-0.3519
693	-0.4167
694	-0.4525
695	-0.3544
696	-0.4964
697	-0.3679
698	-0.5056
699	-0.4126
700	-0.3969
701	-0.4522
702	-0.4449
703	-0.4752
704	-0.5557
705	-0.3235
706	-0.4384
707	-0.4448
708	-0.4521
709	-0.4089
710	-0.489
711	-0.4159
712	-0.4453
713	-0.3974
714	-0.5231
715	-0.5251
716	-0.3597
717	-0.4667
718	-0.3909
719	-0.3981
720	-0.4248
721	-0.3686
722	-0.4835
723	-0.4565
724	-0.4744
725	-0.442
726	-0.4203
727	-0.4028
728	-0.4056
729	-0.3825
730	-0.4378
731	-0.3374
732	-0.4084
733	-0.4172
734	-0.4398
735	-0.4468
736	-0.4908
737	-0.4502
738	-0.4101
739	-0.4265
740	-0.4107
741	-0.4087
742	-0.3971
743	-0.3949
744	-0.4232
745	-0.494
746	-0.4065
747	-0.4443
748	-0.3827
749	-0.3819
750	-0.3905
751	-0.5072
752	-0.4176
753	-0.27
754	-0.3271
755	-0.4569
756	-0.5081
757	-0.4426
758	-0.2816
759	-0.444
760	-0.4383
761	-0.4725
762	-0.5138
763	-0.4744
764	-0.5347
765	-0.4859
766	-0.5343
767	-0.4551
768	-0.3743
769	-0.3863
770	-0.4283
771	-0.3494
772	-0.3982
773	-0.387
774	-0.5167
775	-0.2818
776	-0.3862
777	-0.5813
778	-0.4378
779	-0.5037
780	-0.4081
781	-0.4507
782	-0.388
783	-0.3983
784	-0.4141
785	-0.3537
786	-0.4412
787	-0.4007
788	-0.4261
789	-0.3803
790	-0.362
791	-0.4588
792	-0.3951
793	-0.4123
794	-0.3764
795	-0.4087
796	-0.4713
797	-0.476
798	-0.2708
799	-0.4214
800	-0.4406
801	-0.4302
802	-0.4321
803	-0.4012
804	-0.3819
805	-0.4001
806	-0.4941
807	-0.5011
808	-0.481
809	-0.4198
810	-0.3628
811	-0.4797
812	-0.4551
813	-0.3823
814	-0.4361
815	-0.4347
816	-0.4933
817	-0.3994
818	-0.4126
819	-0.481
820	-0.4566
821	-0.5431
822	-0.4094
823	-0.3835
824	-0.4194
825	-0.4148
826	-0.4324
827	-0.3323
828	-0.4794
829	-0.452
830	-0.4917
831	-0.4145
832	-0.4131
833	-0.4124
834	-0.4931
835	-0.4463
836	-0.3626
837	-0.3755
838	-0.3852
839	-0.4438
840	-0.4217
841	-0.5033
842	-0.4462
843	-0.533
844	-0.4217
845	-0.5264
846	-0.4811
847	-0.4573
848	-0.3643
849	-0.3892
850	-0.4686
851	-0.3233
852	-0.4914
853	-0.4725
854	-0.5255
855	-0.4105
856	-0.4049
857	-0.4041
858	-0.5009
859	-0.3762
860	-0.3515
861	-0.387
862	-0.4465
863	-0.414
864	-0.382
865	-0.4318
866	-0.4058
867	-0.3459
868	-0.3976
869	-0.4663
870	-0.3601
871	-0.4292
872	-0.344
873	-0.4538
874	-0.3916
875	-0.3594
876	-0.3943
877	-0.4194
878	-0.4264
879	-0.3659
880	-0.4531
881	-0.4423
882	-0.4009
883	-0.4566
884	-0.3834
885	-0.4854
886	-0.4039
887	-0.5051
888	-0.3826
889	-0.4696
890	-0.4066
891	-0.4822
892	-0.5158
893	-0.3298
894	-0.4845
895	-0.4133
896	-0.484
897	-0.4209
898	-0.3472
899	-0.4387
900	-0.4607
901	-0.3982
902	-0.4227
903	-0.5101
904	-0.4181
905	-0.4263
906	-0.5262
907	-0.4376
908	-0.3628
909	-0.4158
910	-0.4681
911	-0.432
912	-0.3985
913	-0.4237
914	-0.4329
915	-0.466
916	-0.5154
917	-0.4306
918	-0.3854
919	-0.4172
920	-0.3591
921	-0.4577
922	-0.3211
923	-0.3938
924	-0.4415
925	-0.4373
926	-0.484
927	-0.3621
928	-0.3271
929	-0.3869
930	-0.3727
931	-0.4163
932	-0.4976
933	-0.4629
934	-0.4824
935	-0.3631
936	-0.4042
937	-0.371
938	-0.4315
939	-0.3502
940	-0.4371
941	-0.4092
942	-0.3465
943	-0.4268
944	-0.366
945	-0.4175
946	-0.4192
947	-0.427
948	-0.4225
949	-0.3293
950	-0.381
951	-0.5188
952	-0.3907
953	-0.445
954	-0.4052
955	-0.3666
956	-0.4837
957	-0.4089
958	-0.4028
959	-0.4737
960	-0.4348
961	-0.4249
962	-0.452
963	-0.4317
964	-0.4739
965	-0.3826
966	-0.3879
967	-0.5451
968	-0.4048
969	-0.4623
970	-0.4323
971	-0.4869
972	-0.5039
973	-0.3969
974	-0.5304
975	-0.3662
976	-0.5266
977	-0.3783
978	-0.4926
979	-0.3873
980	-0.4693
981	-0.4897
982	-0.4693
983	-0.4277
984	-0.4259
985	-0.3869
986	-0.3829
987	-0.5137
988	-0.3929
989	-0.3668
990	-0.4587
991	-0.4407
992	-0.3677
993	-0.4708
994	-0.4812
995	-0.3772
996	-0.3935
997	-0.403
998	-0.3995
999	-0.4556
1000	-0.442
41	10960.0
42	10950.0
43	10960.0
44	10960.0
45	10970.0
46	10970.0
47	10960.0
48	10960.0
49	10960.0
50	10960.0
51	10970.0
52	10960.0
53	10960.0
54	10960.0
55	10960.0
56	10970.0
57	10960.0
58	10960.0
59	10960.0
60	10960.0
61	10960.0
62	10960.0
63	10960.0
64	10960.0
65	10970.0
66	10970.0
67	10960.0
68	10960.0
69	10960.0
70	10960.0
71	10960.0
72	10960.0
73	10960.0
74	10960.0
75	10960.0
76	10960.0
77	10970.0
78	10970.0
79	10960.0
80	10960.0
81	10960.0
82	10960.0
83	10960.0
84	10960.0
85	10950.0
86	10970.0
87	10970.0
88	10960.0
89	10960.0
90	10960.0
91	10970.0
92	10960.0
93	10960.0
94	10960.0
95	10960.0
96	10960.0
97	10960.0
98	10960.0
99	10960.0
100	10960.0
101	10950.0
102	10960.0
103	10960.0
104	10960.0
105	10960.0
106	10960.0
107	10960.0
108	10960.0
109	10960.0
110	10960.0
111	10960.0
112	10970.0
113	10960.0
114	10960.0
115	10970.0
116	10960.0
117	10960.0
118	10960.0
119	10960.0
120	10960.0
121	10960.0
122	10960.0
123	10960.0
124	10960.0
125	10960.0
126	10960.0
127	10960.0
128	10960.0
129	10960.0
130	10960.0
131	10960.0
132	10960.0
133	10970.0
134	10960.0
135	10960.0
136	10960.0
137	10960.0
138	10960.0
139	10960.0
140	10960.0
141	10960.0
142	10960.0
143	10960.0
144	10960.0
145	10960.0
146	10960.0
147	10970.0
148	10960.0
149	10960.0
150	10960.0
151	10960.0
152	10970.0
153	10960.0
154	10960.0
155	10960.0
156	10960.0
157	10960.0
158	10960.0
159	10970.0
160	10960.0
161	10950.0
162	10950.0
163	10970.0
164	10960.0
165	10960.0
166	10960.0
167	10960.0
168	10970.0
169	10960.0
170	10960.0
171	10960.0
172	10960.0
173	10970.0
174	10970.0
175	10970.0
176	10960.0
177	10960.0
178	10960.0
179	10960.0
180	10960.0
181	10960.0
182	10970.0
183	10960.0
184	10960.0
185	10970.0
186	10960.0
187	10960.0
188	10960.0
189	10960.0
190	10960.0
191	10960.0
192	10960.0
193	10960.0
194	10960.0
195	10960.0
196	10960.0
197	10950.0
198	10960.0
199	10960.0
200	10960.0
201	10960.0
202	10960.0
203	10970.0
204	10970.0
205	10960.0
206	10960.0
207	10960.0
208	10960.0
209	10950.0
210	10960.0
211	10960.0
212	10960.0
213	10960.0
214	10960.0
215	10960.0
216	10960.0
217	10960.0
218	10960.0
219	10960.0
220	10960.0
221	10960.0
222	10960.0
223	10960.0
224	10960.0
225	10960.0
226	10960.0
227	10960.0
228	10960.0
229	10960.0
230	10960.0
231	10960.0
232	10960.0
233	10960.0
234	10960.0
235	10960.0
236	10960.0
237	10950.0
238	10960.0
239	10960.0
240	10960.0
241	10960.0
242	10960.0
243	10960.0
244	10970.0
245	10970.0
246	10960.0
247	10970.0
248	10960.0
249	10960.0
250	10960.0
251	10960.0
252	10960.0
253	10960.0
254	10960.0
255	10970.0
256	10960.0
257	10960.0
258	10960.0
259	10970.0
260	10960.0
261	10960.0
262	10960.0
263	10960.0
264	10960.0
265	10960.0
266	10960.0
267	10960.0
268	10970.0
269	10970.0
270	10960.0
271	10960.0
272	10960.0
273	10960.0
274	10960.0
275	10960.0
276	10960.0
277	10960.0
278	10960.0
279	10960.0
280	10960.0
281	10960.0
282	10960.0
283	10960.0
284	10960.0
285	10960.0
286	10970.0
287	10970.0
288	10970.0
289	10960.0
290	10960.0
291	10960.0
292	10960.0
293	10960.0
294	10960.0
295	10950.0
296	10960.0
297	10960.0
298	10960.0
299	10960.0
300	10970.0
301	10960.0
302	10960.0
303	10960.0
304	10960.0
305	10960.0
306	10960.0
307	10970.0
308	10960.0
309	10960.0
310	10970.0
311	10960.0
312	10960.0
313	10960.0
314	10960.0
315	10960.0
316	10970.0
317	10970.0
318	10960.0
319	10960.0
320	10960.0
321	10960.0
322	10950.0
323	10960.0
324	10960.0
325	10950.0
326	10960.0
327	10960.0
328	10960.0
329	10960.0
330	10960.0
331	10960.0
332	10960.0
333	10960.0
334	10960.0
335	10960.0
336	10960.0
337	10960.0
338	10970.0
339	10960.0
340	10960.0
341	10960.0
342	10960.0
343	10960.0
344	10960.0
345	10960.0
346	10960.0
347	10960.0
348	10960.0
349	10960.0
350	10960.0
351	10960.0
352	10960.0
353	10960.0
354	10960.0
355	10970.0
356	10970.0
357	10960.0
358	10960.0
359	10960.0
360	10960.0
361	10960.0
362	10970.0
363	10960.0
364	10960.0
365	10970.0
366	10960.0
367	10960.0
368	10970.0
369	10960.0
370	10970.0
371	10970.0
372	10960.0
373	10960.0
374	10970.0
375	10960.0
376	10960.0
377	10960.0
378	10960.0
379	10960.0
380	10970.0
381	10960.0
382	10960.0
383	10960.0
384	10960.0
385	10960.0
386	10960.0
387	10970.0
388	10960.0
389	10970.0
390	10960.0
391	10960.0
392	10960.0
393	10960.0
394	10960.0
395	10960.0
396	10960.0
397	10970.0
398	10970.0
399	10960.0
400	10960.0
401	10960.0
402	10970.0
403	10970.0
404	10970.0
405	10970.0
406	10960.0
407	10960.0
408	10950.0
409	10960.0
410	10960.0
411	10960.0
412	10960.0
413	10960.0
414	10970.0
415	10960.0
416	10960.0
417	10960.0
418	10960.0
419	10960.0
420	10960.0
421	10950.0
422	10960.0
423	10960.0
424	10960.0
425	10960.0
426	10960.0
427	10960.0
428	10960.0
429	10960.0
430	10960.0
431	10960.0
432	10960.0
433	10960.0
434	10970.0
435	10960.0
436	10970.0
437	10960.0
438	10970.0
439	10960.0
440	10960.0
441	10960.0
442	10960.0
443	10960.0
444	10960.0
445	10960.0
446	10960.0
447	10960.0
448	10960.0
449	10960.0
450	10960.0
451	10970.0
452	10960.0
453	10960.0
454	10960.0
455	10950.0
456	10960.0
457	10960.0
458	10960.0
459	10960.0
460	10960.0
461	10960.0
462	10960.0
463	10960.0
464	10960.0
465	10960.0
466	10960.0
467	10970.0
468	10960.0
469	10960.0
470	10970.0
471	10960.0
472	10960.0
473	10950.0
474	10970.0
475	10960.0
476	10970.0
477	10960.0
478	10960.0
479	10960.0
480	10960.0
481	10970.0
482	10960.0
483	10960.0
484	10970.0
485	10960.0
486	10960.0
487	10960.0
488	10960.0
489	10960.0
490	10960.0
491	10960.0
492	10960.0
493	10960.0
494	10980.0
495	10960.0
496	10960.0
497	10960.0
498	10960.0
499	10960.0
500	10960.0
501	10960.0
502	10960.0
503	10960.0
504	10960.0
505	10960.0
506	10970.0
507	10960.0
508	10960.0
509	10960.0
510	10960.0
511	10960.0
512	10960.0
513	10960.0
514	10960.0
515	10960.0
516	10960.0
517	10960.0
518	10960.0
519	10960.0
520	10960.0
521	10960.0
522	10960.0
523	10960.0
524	10970.0
525	10960.0
526	10970.0
527	10960.0
528	10960.0
529	10960.0
530	10950.0
531	10960.0
532	10970.0
533	10950.0
534	10960.0
535	10970.0
536	10950.0
537	10960.0
538	10960.0
539	10960.0
540	10960.0
541	10970.0
542	10960.0
543	10960.0
544	10960.0
545	10950.0
546	10960.0
547	10960.0
548	10960.0
549	10960.0
550	10960.0
551	10960.0
552	10960.0
553	10960.0
554	10960.0
555	10960.0
556	10970.0
557	10960.0
558	10960.0
559	10950.0
560	10960.0
561	10960.0
562	10960.0
563	10970.0
564	10960.0
565	10960.0
566	10960.0
567	10960.0
568	10970.0
569	10950.0
570	10960.0
571	10960.0
572	10960.0
573	10970.0
574	10960.0
575	10960.0
576	10960.0
577	10960.0
578	10960.0
579	10960.0
580	10960.0
581	10970.0
582	10960.0
583	10960.0
584	10960.0
585	10960.0
586	10960.0
587	10950.0
588	10960.0
589	10960.0
590	10960.0
591	10960.0
592	10960.0
593	10960.0
594	10960.0
595	10960.0
596	10960.0
597	10960.0
598	10960.0
599	10960.0
600	10960.0
601	10960.0
602	10960.0
603	10960.0
604	10960.0
605	10960.0
606	10960.0
607	10960.0
608	10960.0
609	10960.0
610	10960.0
611	10960.0
612	10960.0
613	10960.0
614	10960.0
615	10960.0
616	10960.0
617	10960.0
618	10960.0
619	10960.0
620	10960.0
621	10960.0
622	10960.0
623	10950.0
624	10960.0
625	10960.0
626	10960.0
627	10970.0
628	10960.0
629	10970.0
630	10960.0
631	10960.0
632	10960.0
633	10960.0
634	10960.0
635	10960.0
636	10960.0
637	10960.0
638	10950.0
639	10960.0
640	10950.0
641	10960.0
642	10960.0
643	10960.0
644	10960.0
645	10960.0
646	10960.0
647	10960.0
648	10960.0
649	10960.0
650	10960.0
651	10960.0
652	10960.0
653	10970.0
654	10960.0
655	10960.0
656	10960.0
657	10960.0
658	10960.0
659	10960.0
660	10960.0
661	10960.0
662	10970.0
663	10960.0
664	10970.0
665	10960.0
666	10960.0
667	10960.0
668	10960.0
669	10960.0
670	10960.0
671	10960.0
672	10960.0
673	10960.0
674	10960.0
675	10960.0
676	10960.0
677	10950.0
678	10970.0
679	10960.0
680	10960.0
681	10950.0
682	10960.0
683	10960.0
684	10960.0
685	10960.0
686	10960.0
687	10960.0
688	10960.0
689	10960.0
690	10960.0
691	10970.0
692	10960.0
693	10960.0
694	10960.0
695	10960.0
696	10960.0
697	10960.0
698	10960.0
699	10960.0
700	10960.0
701	10960.0
702	10960.0
703	10960.0
704	10960.0
705	10960.0
706	10960.0
707	10960.0
708	10960.0
709	10960.0
710	10960.0
711	10960.0
712	10960.0
713	10970.0
714	10960.0
715	10960.0
716	10960.0
717	10960.0
718	10960.0
719	10960.0
720	10960.0
721	10960.0
722	10960.0
723	10970.0
724	10970.0
725	10960.0
726	10960.0
727	10960.0
728	10960.0
729	10970.0
730	10970.0
731	10970.0
732	10960.0
733	10960.0
734	10960.0
735	10960.0
736	10960.0
737	10960.0
738	10960.0
739	10960.0
740	10960.0
741	10970.0
742	10960.0
743	10960.0
744	10960.0
745	10960.0
746	10970.0
747	10960.0
748	10960.0
749	10960.0
750	10960.0
751	10970.0
752	10960.0
753	10960.0
754	10970.0
755	10960.0
756	10960.0
757	10960.0
758	10970.0
759	10960.0
760	10960.0
761	10960.0
762	10970.0
763	10960.0
764	10960.0
765	10960.0
766	10960.0
767	10960.0
768	10960.0
769	10960.0
770	10960.0
771	10960.0
772	10960.0
773	10960.0
774	10970.0
775	10970.0
776	10960.0
777	10970.0
778	10960.0
779	10960.0
780	10960.0
781	10960.0
782	10970.0
783	10960.0
784	10960.0
785	10960.0
786	10960.0
787	10960.0
788	10960.0
789	10970.0
790	10970.0
791	10960.0
792	10960.0
793	10970.0
794	10960.0
795	10960.0
796	10960.0
797	10960.0
798	10970.0
799	10960.0
800	10960.0
801	10960.0
802	10960.0
803	10960.0
804	10960.0
805	10960.0
806	10960.0
807	10960.0
808	10960.0
809	10960.0
810	10960.0
811	10960.0
812	10960.0
813	10960.0
814	10960.0
815	10950.0
816	10970.0
817	10960.0
818	10960.0
819	10960.0
820	10960.0
821	10960.0
822	10960.0
823	10960.0
824	10960.0
825	10960.0
826	10960.0
827	10960.0
828	10960.0
829	10960.0
830	10960.0
831	10960.0
832	10960.0
833	10960.0
834	10960.0
835	10960.0
836	10960.0
837	10960.0
838	10960.0
839	10950.0
840	10960.0
841	10960.0
842	10960.0
843	10960.0
844	10970.0
845	10960.0
846	10960.0
847	10960.0
848	10960.0
849	10960.0
850	10960.0
851	10960.0
852	10960.0
853	10960.0
854	10960.0
855	10960.0
856	10960.0
857	10960.0
858	10960.0
859	10960.0
860	10960.0
861	10960.0
862	10960.0
863	10960.0
864	10960.0
865	10970.0
866	10960.0
867	10960.0
868	10960.0
869	10960.0
870	10960.0
871	10960.0
872	10970.0
873	10960.0
874	10970.0
875	10960.0
876	10960.0
877	10960.0
878	10960.0
879	10970.0
880	10960.0
881	10960.0
882	10960.0
883	10960.0
884	10960.0
885	10960.0
886	10960.0
887	10960.0
888	10960.0
889	10960.0
890	10960.0
891	10960.0
892	10960.0
893	10960.0
894	10960.0
895	10970.0
896	10960.0
897	10960.0
898	10960.0
899	10960.0
900	10960.0
901	10960.0
902	10960.0
903	10970.0
904	10960.0
905	10960.0
906	10960.0
907	10960.0
908	10960.0
909	10960.0
910	10960.0
911	10970.0
912	10960.0
913	10970.0
914	10960.0
915	10960.0
916	10970.0
917	10960.0
918	10960.0
919	10960.0
920	10960.0
921	10960.0
922	10960.0
923	10960.0
924	10960.0
925	10960.0
926	10960.0
927	10960.0
928	10960.0
929	10960.0
930	10960.0
931	10960.0
932	10960.0
933	10960.0
934	10950.0
935	10960.0
936	10960.0
937	10960.0
938	10960.0
939	10960.0
940	10960.0
941	10960.0
942	10960.0
943	10960.0
944	10960.0
945	10960.0
946	10960.0
947	10970.0
948	10960.0
949	10970.0
950	10960.0
951	10960.0
952	10960.0
953	10970.0
954	10960.0
955	10960.0
956	10970.0
957	10960.0
958	10950.0
959	10960.0
960	10960.0
961	10960.0
962	10960.0
963	10960.0
964	10960.0
965	10970.0
966	10960.0
967	10970.0
968	10960.0
969	10960.0
970	10960.0
971	10960.0
972	10960.0
973	10960.0
974	10960.0
975	10960.0
976	10960.0
977	10960.0
978	10960.0
979	10960.0
980	10960.0
981	10960.0
982	10960.0
983	10960.0
984	10960.0
985	10960.0
986	10960.0
987	10960.0
988	10960.0
989	10960.0
990	10960.0
991	10970.0
992	10960.0
993	10960.0
994	10970.0
995	10960.0
996	10960.0
997	10960.0
998	10960.0
999	10950.0
1000	10960.0
41	0.3754
42	0.5623
43	1.645
44	0.5276
45	1.008
46	0.9937
47	2.079
48	1.37
49	2.979
50	0.8582
51	1.214
52	0.8303
53	1.004
54	0.4906
55	0.9055
56	0.6595
57	1.227
58	0.7411
59	1.117
60	1.202
61	1.281
62	2.172
63	2.214
64	1.404
65	1.838
66	1.147
67	2.234
68	1.029
69	1.387
70	1.97
71	4.153
72	1.886
73	4.55
74	8.246
75	11.47
76	13.24
77	27.58
78	50.96
79	92.79
80	20.36
81	152.0
82	798.6
83	216.7
84	200.1
85	301.4
86	278.2
87	739.8
88	176.1
89	2664.0
90	996.4
91	578.5
92	372.5
93	415.7
94	151.2
95	151.7
96	1082.0
97	1032.0
98	478.3
99	204.7
100	1514.0
101	176.8
102	148.1
103	48.07
104	238.9
105	221.5
106	72.55
107	38.88
108	32.32
109	1738.0
110	631.7
111	358.9
112	399.9
113	951.4
114	312.6
115	664.9
116	162.9
117	308.4
118	177.4
119	181.5
120	60.99
121	252.9
122	181.5
123	563.7
124	462.9
125	321.5
126	275.2
127	289.4
128	652.2
129	381.2
130	1607.0
131	66.22
132	2584.0
133	557.8
134	345.6
135	191.8
136	1010.0
137	564.1
138	187.4
139	215.9
140	345.5
141	358.5
142	98.92
143	431.6
144	601.8
145	1213.0
146	217.3
147	623.2
148	169.2
149	935.6
150	219.7
151	362.3
152	1243.0
153	1050.0
154	1130.0
155	616.6
156	708.5
157	416.8
158	393.6
159	685.3
160	275.5
161	26.35
162	157.4
163	401.3
164	203.0
165	128.1
166	439.4
167	139.5
168	157.8
169	922.5
170	115.4
171	164.3
172	829.9
173	636.5
174	743.0
175	279.3
176	380.4
177	346.6
178	454.6
179	512.4
180	211.7
181	854.4
182	2043.0
183	630.9
184	293.3
185	260.7
186	102.0
187	324.7
188	444.9
189	320.7
190	295.5
191	66.04
192	130.8
193	125.5
194	36.48
195	140.9
196	119.2
197	318.2
198	313.2
199	2623.0
200	865.0
201	843.2
202	162.8
203	600.9
204	511.4
205	977.3
206	761.1
207	318.4
208	373.1
209	130.0
210	492.4
211	388.7
212	252.6
213	87.94
214	599.0
215	152.3
216	304.2
217	345.6
218	240.0
219	194.2
220	36.43
221	131.4
222	55.24
223	129.1
224	694.0
225	934.5
226	419.1
227	154.5
228	616.4
229	461.6
230	703.1
231	707.0
232	1134.0
233	56.22
234	197.6
235	2080.0
236	271.2
237	63.92
238	402.4
239	321.4
240	292.8
241	146.6
242	39.25
243	75.0
244	281.1
245	195.6
246	404.1
247	166.9
248	613.3
249	110.9
250	1467.0
251	59.24
252	273.2
253	335.9
254	739.0
255	167.8
256	54.01
257	53.74
258	250.3
259	268.0
260	276.8
261	282.9
262	249.0
263	292.0
264	247.1
265	110.4
266	365.1
267	319.5
268	617.6
269	185.0
270	107.7
271	288.2
272	150.4
273	86.0
274	354.7
275	361.4
276	289.3
277	325.2
278	628.1
279	313.7
280	353.1
281	585.1
282	366.5
283	248.4
284	276.4
285	274.2
286	760.1
287	59.35
288	26.48
289	38.56
290	361.4
291	99.6
292	135.6
293	440.9
294	88.37
295	98.7
296	427.8
297	141.1
298	142.4
299	935.1
300	428.3
301	348.6
302	388.7
303	168.8
304	104.0
305	112.6
306	255.0
307	322.4
308	222.0
309	3251.0
310	135.2
311	189.6
312	228.7
313	735.2
314	449.4
315	1234.0
316	278.4
317	201.5
318	310.3
319	759.5
320	508.3
321	1943.0
322	324.9
323	333.5
324	216.1
325	131.8
326	142.3
327	233.7
328	474.8
329	329.2
330	148.8
331	192.3
332	68.97
333	113.3
334	172.0
335	102.1
336	94.75
337	543.8
338	919.8
339	611.5
340	765.4
341	581.5
342	1620.0
343	201.6
344	577.2
345	906.2
346	265.0
347	280.7
348	556.6
349	74.62
350	142.3
351	240.7
352	941.3
353	599.3
354	290.1
355	1369.0
356	2308.0
357	361.4
358	1018.0
359	574.6
360	544.8
361	1293.0
362	1806.0
363	1763.0
364	1377.0
365	865.5
366	769.2
367	459.0
368	220.4
369	385.5
370	331.9
371	145.2
372	150.0
373	28.42
374	54.55
375	82.17
376	115.1
377	36.11
378	149.2
379	147.1
380	104.0
381	110.7
382	82.6
383	155.1
384	607.9
385	294.9
386	1161.0
387	184.4
388	121.5
389	290.1
390	1377.0
391	601.2
392	260.6
393	215.9
394	42.93
395	181.0
396	312.1
397	1853.0
398	693.1
399	1460.0
400	777.7
401	235.3
402	102.8
403	839.4
404	79.75
405	156.8
406	363.7
407	431.4
408	262.7
409	482.0
410	162.4
411	90.46
412	252.9
413	97.95
414	77.5
415	578.1
416	63.42
417	162.0
418	358.9
419	85.29
420	158.4
421	271.3
422	68.55
423	1088.0
424	394.0
425	509.4
426	342.9
427	363.0
428	239.4
429	658.6
430	467.5
431	1005.0
432	316.0
433	78.47
434	94.44
435	568.4
436	1789.0
437	325.8
438	195.0
439	250.9
440	41.82
441	383.3
442	234.0
443	406.6
444	828.2
445	1668.0
446	459.2
447	361.5
448	738.4
449	440.9
450	616.6
451	1199.0
452	167.9
453	172.3
454	60.32
455	46.64
456	155.5
457	147.5
458	76.94
459	185.5
460	233.7
461	182.4
462	480.7
463	1156.0
464	186.6
465	1248.0
466	215.1
467	260.6
468	103.5
469	256.5
470	155.9
471	152.7
472	346.4
473	182.5
474	1077.0
475	303.6
476	48.2
477	796.7
478	456.5
479	167.0
480	569.6
481	664.9
482	141.1
483	178.7
484	1612.0
485	302.2
486	249.6
487	735.2
488	153.5
489	149.0
490	117.7
491	53.14
492	135.8
493	394.6
494	210.4
495	776.9
496	190.1
497	612.6
498	14.54
499	180.2
500	534.7
501	431.9
502	338.3
503	117.4
504	1246.0
505	3619.0
506	171.9
507	202.4
508	132.3
509	1178.0
510	70.74
511	48.01
512	361.3
513	966.7
514	725.4
515	1012.0
516	278.9
517	555.3
518	114.7
519	169.4
520	112.9
521	82.51
522	525.4
523	60.4
524	567.9
525	579.0
526	1211.0
527	168.1
528	144.7
529	308.2
530	46.1
531	98.22
532	121.0
533	102.8
534	1183.0
535	1609.0
536	207.1
537	90.46
538	1052.0
539	617.1
540	482.5
541	1183.0
542	180.1
543	653.9
544	1046.0
545	214.4
546	156.4
547	158.8
548	193.3
549	215.4
550	1577.0
551	1219.0
552	190.2
553	727.7
554	269.3
555	425.9
556	378.9
557	107.7
558	285.0
559	365.2
560	30.4
561	359.8
562	190.3
563	244.7
564	570.6
565	206.6
566	1208.0
567	1026.0
568	396.9
569	263.4
570	189.0
571	45.25
572	607.4
573	202.1
574	305.0
575	103.3
576	51.9
577	1606.0
578	989.7
579	562.6
580	96.0
581	31.83
582	95.14
583	291.8
584	230.4
585	215.7
586	889.3
587	296.6
588	743.2
589	940.7
590	67.23
591	68.38
592	620.2
593	226.8
594	439.5
595	223.5
596	720.2
597	1223.0
598	311.6
599	50.34
600	170.5
601	115.5
602	2051.0
603	140.0
604	167.9
605	213.6
606	199.9
607	181.0
608	298.1
609	199.6
610	478.3
611	734.6
612	386.6
613	920.8
614	279.1
615	169.9
616	347.7
617	197.7
618	201.2
619	213.9
620	270.3
621	1467.0
622	1304.0
623	98.5
624	222.0
625	328.7
626	941.4
627	666.5
628	293.9
629	84.42
630	185.3
631	253.7
632	159.3
633	183.2
634	638.1
635	1059.0
636	328.1
637	329.6
638	266.7
639	134.8
640	113.3
641	184.7
642	96.29
643	89.36
644	67.01
645	117.9
646	168.6
647	578.7
648	188.0
649	77.43
650	113.4
651	127.2
652	379.6
653	117.5
654	213.2
655	119.9
656	139.9
657	1135.0
658	1538.0
659	2766.0
660	180.2
661	443.4
662	1753.0
663	918.0
664	149.9
665	74.63
666	250.1
667	613.9
668	80.43
669	393.2
670	439.0
671	123.1
672	157.9
673	124.8
674	122.1
675	786.4
676	764.4
677	83.71
678	1576.0
679	287.5
680	123.6
681	157.7
682	203.1
683	124.9
684	273.2
685	115.8
686	186.9
687	55.23
688	7.014
689	39.83
690	295.7
691	426.9
692	31.84
693	174.1
694	136.4
695	352.5
696	434.2
697	631.7
698	503.3
699	1159.0
700	95.4
701	245.8
702	204.3
703	289.0
704	287.1
705	249.9
706	200.1
707	230.2
708	99.49
709	129.9
710	210.1
711	857.4
712	486.3
713	275.7
714	560.3
715	2136.0
716	2451.0
717	503.0
718	555.9
719	383.9
720	658.9
721	733.4
722	214.1
723	621.6
724	369.4
725	253.4
726	217.5
727	134.3
728	208.9
729	240.4
730	466.9
731	210.6
732	239.4
733	115.8
734	826.2
735	2285.0
736	160.7
737	113.3
738	252.0
739	6008.0
740	440.5
741	175.7
742	139.3
743	203.0
744	1867.0
745	694.4
746	991.8
747	1658.0
748	181.8
749	937.5
750	207.3
751	255.6
752	79.45
753	44.35
754	900.0
755	203.6
756	60.95
757	59.2
758	321.3
759	267.7
760	113.8
761	596.5
762	264.8
763	884.0
764	184.3
765	44.73
766	113.8
767	106.4
768	118.8
769	66.28
770	547.1
771	36.29
772	262.7
773	312.8
774	270.9
775	491.5
776	239.7
777	181.1
778	378.7
779	1619.0
780	1054.0
781	1337.0
782	3178.0
783	1199.0
784	379.8
785	139.7
786	283.8
787	571.0
788	149.6
789	483.3
790	1636.0
791	1407.0
792	601.9
793	241.1
794	539.6
795	181.4
796	72.13
797	261.3
798	276.1
799	164.1
800	489.5
801	483.0
802	317.5
803	884.6
804	907.5
805	359.4
806	226.4
807	368.2
808	361.4
809	864.8
810	107.4
811	467.7
812	188.1
813	2289.0
814	842.7
815	328.1
816	1.0E+3
817	493.7
818	224.7
819	87.01
820	2701.0
821	1825.0
822	896.9
823	533.4
824	155.1
825	301.6
826	317.0
827	340.7
828	279.3
829	463.5
830	305.8
831	188.2
832	735.1
833	180.2
834	251.4
835	67.39
836	93.8
837	175.6
838	164.1
839	183.6
840	70.7
841	87.15
842	399.0
843	651.9
844	482.3
845	50.29
846	402.2
847	396.3
848	120.8
849	113.1
850	170.9
851	645.6
852	158.8
853	108.0
854	379.2
855	694.7
856	431.2
857	666.2
858	151.0
859	342.4
860	470.0
861	165.2
862	646.2
863	339.3
864	1612.0
865	402.4
866	429.3
867	107.0
868	689.2
869	1099.0
870	97.03
871	376.0
872	2312.0
873	1276.0
874	1963.0
875	128.9
876	167.5
877	127.4
878	302.2
879	951.3
880	628.1
881	253.8
882	30.36
883	335.5
884	245.1
885	331.9
886	380.3
887	1148.0
888	1359.0
889	166.0
890	123.2
891	369.2
892	97.12
893	193.8
894	127.0
895	227.5
896	46.96
897	338.0
898	40.0
899	1605.0
900	175.8
901	416.1
902	2115.0
903	1395.0
904	1167.0
905	244.8
906	726.7
907	222.1
908	133.9
909	269.4
910	874.5
911	561.9
912	1627.0
913	62.21
914	422.4
915	69.47
916	77.14
917	178.9
918	168.7
919	234.9
920	580.8
921	131.1
922	125.3
923	87.61
924	237.2
925	208.6
926	83.44
927	143.8
928	54.44
929	251.1
930	627.4
931	71.57
932	226.3
933	105.8
934	74.25
935	129.6
936	86.08
937	692.7
938	742.9
939	1326.0
940	254.4
941	318.3
942	1008.0
943	763.1
944	126.3
945	307.6
946	1650.0
947	162.6
948	325.4
949	2386.0
950	225.8
951	343.6
952	370.7
953	398.5
954	616.9
955	1062.0
956	177.1
957	50.1
958	69.18
959	255.1
960	423.7
961	842.0
962	206.1
963	385.5
964	512.5
965	277.2
966	72.36
967	1149.0
968	574.4
969	1406.0
970	76.19
971	116.5
972	167.8
973	621.4
974	208.1
975	220.5
976	974.2
977	399.8
978	68.97
979	171.7
980	77.1
981	266.6
982	432.8
983	480.9
984	101.7
985	166.6
986	303.1
987	208.3
988	213.5
989	448.2
990	60.66
991	453.2
992	203.9
993	183.8
994	527.2
995	1137.0
996	278.7
997	644.8
998	165.8
999	113.6
1000	149.6
