101	-10.4
102	-10.39
103	-10.34
104	-10.29
105	-10.3
106	-10.25
107	-10.21
108	-10.2
109	-10.19
110	-10.2
111	-10.06
112	-10.09
113	-10.13
114	-10.24
115	-10.26
116	-10.33
117	-10.26
118	-10.23
119	-10.33
120	-10.34
121	-10.36
122	-10.3
123	-10.3
124	-10.31
125	-10.27
126	-10.2
127	-10.11
128	-10.18
129	-10.24
130	-10.28
131	-10.38
132	-10.22
133	-10.24
134	-10.2
135	-10.26
136	-10.17
137	-10.15
138	-10.11
139	-10.11
140	-10.13
141	-10.12
142	-10.11
143	-10.06
144	-10.02
145	-10.04
146	-10.07
147	-10.07
148	-10.04
149	-10.06
150	-10.02
151	-10.02
152	-9.965
153	-10.02
154	-10.05
155	-9.977
156	-9.889
157	-9.848
158	-9.854
159	-9.782
160	-9.771
161	-9.886
162	-9.949
163	-9.904
164	-9.915
165	-9.897
166	-9.98
167	-9.984
168	-10.0
169	-9.97
170	-9.955
171	-9.987
172	-10.01
173	-10.03
174	-9.919
175	-9.958
176	-9.934
177	-9.917
178	-9.897
179	-9.963
180	-10.07
181	-9.92
182	-9.879
183	-9.837
184	-9.939
185	-9.988
186	-10.01
187	-10.02
188	-9.989
189	-9.997
190	-10.06
191	-10.05
192	-10.05
193	-10.04
194	-10.03
195	-10.1
196	-10.05
197	-9.996
198	-9.976
199	-10.03
200	-9.991
201	-10.05
202	-10.08
203	-10.04
204	-10.01
205	-10.05
206	-10.03
207	-10.2
208	-10.15
209	-10.19
210	-10.19
211	-10.28
212	-10.25
213	-10.28
214	-10.33
215	-10.38
216	-10.37
217	-10.4
218	-10.42
219	-10.4
220	-10.47
221	-10.54
222	-10.48
223	-10.43
224	-10.44
225	-10.46
226	-10.43
227	-10.43
228	-10.33
229	-10.28
230	-10.31
231	-10.31
232	-10.27
233	-10.27
234	-10.25
235	-10.3
236	-10.33
237	-10.29
238	-10.22
239	-10.2
240	-10.08
241	-10.06
242	-10.08
243	-10.05
244	-10.04
245	-10.11
246	-10.14
247	-10.06
248	-9.983
249	-9.911
250	-9.837
251	-9.769
252	-9.691
253	-9.648
254	-9.672
255	-9.582
256	-9.637
257	-9.664
258	-9.584
259	-9.668
260	-9.649
261	-9.571
262	-9.574
263	-9.557
264	-9.528
265	-9.583
266	-9.574
267	-9.667
268	-9.705
269	-9.704
270	-9.677
271	-9.688
272	-9.748
273	-9.86
274	-9.869
275	-9.846
276	-9.904
277	-9.765
278	-9.771
279	-9.745
280	-9.722
281	-9.728
282	-9.684
283	-9.67
284	-9.63
285	-9.536
286	-9.57
287	-9.457
288	-9.375
289	-9.367
290	-9.422
291	-9.393
292	-9.453
293	-9.463
294	-9.408
295	-9.457
296	-9.378
297	-9.308
298	-9.238
299	-9.256
300	-9.248
301	-9.193
302	-9.232
303	-9.221
304	-9.277
305	-9.257
306	-9.225
307	-9.233
308	-9.072
309	-9.061
310	-9.084
311	-9.127
312	-9.168
313	-9.18
314	-9.162
315	-9.189
316	-9.099
317	-9.088
318	-9.102
319	-9.067
320	-9.051
321	-8.965
322	-9.017
323	-9.007
324	-9.046
325	-8.91
326	-8.836
327	-8.908
328	-8.926
329	-8.983
330	-8.972
331	-8.993
332	-9.019
333	-8.912
334	-9.032
335	-9.083
336	-9.084
337	-9.128
338	-9.064
339	-8.998
340	-9.046
341	-9.066
342	-9.011
343	-8.945
344	-9.021
345	-8.979
346	-8.93
347	-8.977
348	-8.951
349	-8.935
350	-9.015
351	-9.071
352	-9.035
353	-9.065
354	-9.12
355	-9.188
356	-9.222
357	-9.137
358	-9.158
359	-9.164
360	-9.228
361	-9.267
362	-9.229
363	-9.172
364	-9.153
365	-9.151
366	-9.223
367	-9.264
368	-9.351
369	-9.379
370	-9.348
371	-9.324
372	-9.329
373	-9.434
374	-9.401
375	-9.366
376	-9.299
377	-9.27
378	-9.276
379	-9.272
380	-9.248
381	-9.29
382	-9.355
383	-9.321
384	-9.371
385	-9.33
386	-9.238
387	-9.251
388	-9.262
389	-9.251
390	-9.249
391	-9.276
392	-9.192
393	-9.26
394	-9.192
395	-9.105
396	-9.11
397	-9.091
398	-9.123
399	-9.113
400	-9.095
401	-9.078
402	-9.083
403	-9.107
404	-9.005
405	-8.973
406	-8.918
407	-8.858
408	-8.841
409	-8.859
410	-8.768
411	-8.749
412	-8.731
413	-8.774
414	-8.796
415	-8.903
416	-8.939
417	-8.97
418	-8.883
419	-8.925
420	-8.948
421	-8.997
422	-9.018
423	-8.943
424	-8.869
425	-8.833
426	-8.868
427	-8.829
428	-8.822
429	-8.925
430	-8.894
431	-8.929
432	-8.917
433	-8.94
434	-9.005
435	-9.01
436	-9.048
437	-9.036
438	-9.113
439	-9.106
440	-9.135
441	-9.197
442	-9.222
443	-9.181
444	-9.211
445	-9.189
446	-9.144
447	-9.094
448	-9.098
449	-9.021
450	-8.992
451	-9.037
452	-9.057
453	-9.086
454	-9.172
455	-9.15
456	-9.063
457	-9.056
458	-9.087
459	-9.034
460	-9.053
461	-9.0
462	-8.973
463	-9.029
464	-9.023
465	-9.093
466	-9.025
467	-9.024
468	-9.047
469	-9.063
470	-9.113
471	-9.112
472	-9.156
473	-9.212
474	-9.184
475	-9.209
476	-9.218
477	-9.148
478	-9.187
479	-9.162
480	-9.257
481	-9.245
482	-9.272
483	-9.27
484	-9.325
485	-9.336
486	-9.365
487	-9.361
488	-9.269
489	-9.234
490	-9.227
491	-9.189
492	-9.062
493	-8.971
494	-8.91
495	-8.987
496	-8.954
497	-8.97
498	-8.913
499	-8.908
500	-8.934
501	-8.966
502	-9.089
503	-9.036
504	-9.08
505	-9.108
506	-9.099
507	-9.078
508	-9.065
509	-9.137
510	-9.234
511	-9.235
512	-9.263
513	-9.223
514	-9.18
515	-9.161
516	-9.098
517	-9.072
518	-9.168
519	-9.179
520	-9.147
521	-9.089
522	-9.081
523	-9.154
524	-9.196
525	-9.185
526	-9.114
527	-9.057
528	-9.051
529	-9.122
530	-9.183
531	-9.218
532	-9.227
533	-9.182
534	-9.155
535	-9.183
536	-9.263
537	-9.256
538	-9.283
539	-9.258
540	-9.21
541	-9.23
542	-9.192
543	-9.206
544	-9.244
545	-9.234
546	-9.192
547	-9.307
548	-9.186
549	-9.182
550	-9.191
551	-9.152
552	-9.178
553	-9.119
554	-9.109
555	-9.059
556	-9.054
557	-9.082
558	-9.163
559	-9.012
560	-9.11
561	-9.15
562	-9.035
563	-9.059
564	-8.999
565	-9.084
566	-9.07
567	-9.033
568	-8.998
569	-8.933
570	-8.951
571	-8.944
572	-8.913
573	-8.964
574	-8.975
575	-8.983
576	-8.913
577	-8.838
578	-8.871
579	-8.877
580	-8.889
581	-8.951
582	-8.914
583	-8.978
584	-8.936
585	-8.928
586	-8.907
587	-8.983
588	-9.023
589	-8.922
590	-9.036
591	-8.996
592	-8.923
593	-8.946
594	-8.976
595	-8.804
596	-8.83
597	-8.812
598	-8.758
599	-8.803
600	-8.83
101	-0.482
102	-0.4881
103	-0.4713
104	-0.4683
105	-0.4673
106	-0.4781
107	-0.5283
108	-0.4705
109	-0.4545
110	-0.4444
111	-0.5313
112	-0.3056
113	-0.357
114	-0.3449
115	-0.3746
116	-0.3817
117	-0.4029
118	-0.4716
119	-0.3702
120	-0.4595
121	-0.3832
122	-0.4796
123	-0.3915
124	-0.4285
125	-0.5368
126	-0.5
127	-0.4528
128	-0.3943
129	-0.4113
130	-0.4374
131	-0.377
132	-0.4808
133	-0.4572
134	-0.4904
135	-0.3977
136	-0.4725
137	-0.4733
138	-0.3703
139	-0.4778
140	-0.4176
141	-0.4252
142	-0.4092
143	-0.4664
144	-0.3844
145	-0.417
146	-0.4059
147	-0.4335
148	-0.4793
149	-0.3974
150	-0.4366
151	-0.4781
152	-0.4453
153	-0.3759
154	-0.4236
155	-0.4859
156	-0.4834
157	-0.476
158	-0.4869
159	-0.4346
160	-0.4787
161	-0.3402
162	-0.3799
163	-0.3984
164	-0.3693
165	-0.4063
166	-0.4508
167	-0.4745
168	-0.4675
169	-0.5032
170	-0.4126
171	-0.443
172	-0.4353
173	-0.4146
174	-0.5237
175	-0.4744
176	-0.4581
177	-0.3403
178	-0.4267
179	-0.4114
180	-0.4805
181	-0.5456
182	-0.3999
183	-0.4713
184	-0.3329
185	-0.3345
186	-0.4223
187	-0.3778
188	-0.4213
189	-0.4081
190	-0.425
191	-0.3589
192	-0.4522
193	-0.4158
194	-0.5003
195	-0.3723
196	-0.4011
197	-0.4736
198	-0.441
199	-0.3623
200	-0.3948
201	-0.5121
202	-0.4289
203	-0.3985
204	-0.4166
205	-0.4095
206	-0.4425
207	-0.3315
208	-0.513
209	-0.3508
210	-0.3393
211	-0.3519
212	-0.4434
213	-0.4657
214	-0.4719
215	-0.4309
216	-0.3992
217	-0.4089
218	-0.3441
219	-0.4092
220	-0.4913
221	-0.5233
222	-0.4409
223	-0.44
224	-0.4753
225	-0.3617
226	-0.4559
227	-0.4733
228	-0.5182
229	-0.4366
230	-0.4527
231	-0.4588
232	-0.4835
233	-0.4992
234	-0.6179
235	-0.4259
236	-0.4684
237	-0.4903
238	-0.4904
239	-0.4391
240	-0.4108
241	-0.5157
242	-0.4486
243	-0.4367
244	-0.4286
245	-0.3773
246	-0.4413
247	-0.3284
248	-0.4673
249	-0.4646
250	-0.454
251	-0.4474
252	-0.4686
253	-0.3533
254	-0.4395
255	-0.4422
256	-0.3445
257	-0.4206
258	-0.4069
259	-0.3828
260	-0.3881
261	-0.4855
262	-0.4725
263	-0.4118
264	-0.4841
265	-0.4078
266	-0.3878
267	-0.4363
268	-0.4322
269	-0.4648
270	-0.4762
271	-0.4063
272	-0.4371
273	-0.3938
274	-0.4071
275	-0.41
276	-0.4411
277	-0.6023
278	-0.4397
279	-0.4505
280	-0.4626
281	-0.4407
282	-0.3728
283	-0.5384
284	-0.4762
285	-0.5685
286	-0.3445
287	-0.3742
288	-0.3943
289	-0.5344
290	-0.3918
291	-0.4055
292	-0.4376
293	-0.4129
294	-0.444
295	-0.4904
296	-0.508
297	-0.441
298	-0.4282
299	-0.4817
300	-0.4758
301	-0.3846
302	-0.3909
303	-0.3258
304	-0.3747
305	-0.4659
306	-0.4046
307	-0.4303
308	-0.4251
309	-0.4287
310	-0.4945
311	-0.4422
312	-0.4948
313	-0.3843
314	-0.4219
315	-0.4098
316	-0.5004
317	-0.4684
318	-0.442
319	-0.4157
320	-0.382
321	-0.3554
322	-0.4997
323	-0.4932
324	-0.4436
325	-0.4646
326	-0.4697
327	-0.4105
328	-0.4369
329	-0.4308
330	-0.5374
331	-0.4478
332	-0.413
333	-0.4621
334	-0.3773
335	-0.45
336	-0.4754
337	-0.3274
338	-0.4781
339	-0.5061
340	-0.4747
341	-0.408
342	-0.4603
343	-0.4602
344	-0.4474
345	-0.4981
346	-0.4237
347	-0.4577
348	-0.4184
349	-0.4107
350	-0.4587
351	-0.334
352	-0.3908
353	-0.4188
354	-0.3909
355	-0.3768
356	-0.4186
357	-0.4433
358	-0.4017
359	-0.4504
360	-0.3663
361	-0.444
362	-0.372
363	-0.4412
364	-0.3631
365	-0.4258
366	-0.2913
367	-0.3895
368	-0.469
369	-0.4268
370	-0.367
371	-0.3203
372	-0.4308
373	-0.3817
374	-0.3889
375	-0.493
376	-0.4331
377	-0.4673
378	-0.4816
379	-0.4742
380	-0.4554
381	-0.4071
382	-0.4289
383	-0.3996
384	-0.3907
385	-0.5334
386	-0.4351
387	-0.432
388	-0.4245
389	-0.3932
390	-0.4225
391	-0.4249
392	-0.4218
393	-0.4195
394	-0.5043
395	-0.5827
396	-0.5238
397	-0.5825
398	-0.5331
399	-0.5044
400	-0.4038
401	-0.4587
402	-0.4236
403	-0.4335
404	-0.4051
405	-0.4498
406	-0.4881
407	-0.5445
408	-0.4204
409	-0.3622
410	-0.4376
411	-0.4262
412	-0.3886
413	-0.42
414	-0.2995
415	-0.3508
416	-0.4596
417	-0.3724
418	-0.4681
419	-0.4101
420	-0.3589
421	-0.3845
422	-0.4515
423	-0.4613
424	-0.4968
425	-0.5511
426	-0.3839
427	-0.4751
428	-0.3997
429	-0.3613
430	-0.4491
431	-0.4505
432	-0.3977
433	-0.401
434	-0.46
435	-0.4178
436	-0.3219
437	-0.3811
438	-0.418
439	-0.42
440	-0.46
441	-0.3512
442	-0.3612
443	-0.4747
444	-0.5283
445	-0.4982
446	-0.4365
447	-0.3762
448	-0.4486
449	-0.4648
450	-0.4702
451	-0.3499
452	-0.3386
453	-0.3298
454	-0.3969
455	-0.3455
456	-0.4176
457	-0.4752
458	-0.4256
459	-0.4591
460	-0.4889
461	-0.4453
462	-0.4428
463	-0.392
464	-0.4517
465	-0.4428
466	-0.3805
467	-0.3623
468	-0.4177
469	-0.4404
470	-0.3804
471	-0.4459
472	-0.4416
473	-0.3877
474	-0.4409
475	-0.3697
476	-0.439
477	-0.402
478	-0.4023
479	-0.4077
480	-0.4173
481	-0.4157
482	-0.3073
483	-0.5232
484	-0.3862
485	-0.4034
486	-0.3545
487	-0.3993
488	-0.5268
489	-0.3939
490	-0.4604
491	-0.5091
492	-0.545
493	-0.4193
494	-0.4767
495	-0.422
496	-0.4362
497	-0.386
498	-0.4643
499	-0.4933
500	-0.3274
501	-0.3513
502	-0.4132
503	-0.5003
504	-0.3846
505	-0.414
506	-0.5232
507	-0.3662
508	-0.455
509	-0.3703
510	-0.3766
511	-0.4002
512	-0.4533
513	-0.4415
514	-0.5665
515	-0.3556
516	-0.4263
517	-0.3424
518	-0.3749
519	-0.4199
520	-0.4944
521	-0.3665
522	-0.4005
523	-0.4808
524	-0.382
525	-0.5031
526	-0.4759
527	-0.3874
528	-0.3867
529	-0.4113
530	-0.3227
531	-0.3912
532	-0.5169
533	-0.3691
534	-0.4578
535	-0.4126
536	-0.3561
537	-0.4179
538	-0.4042
539	-0.4685
540	-0.5113
541	-0.4457
542	-0.3759
543	-0.4573
544	-0.3862
545	-0.3934
546	-0.3028
547	-0.4611
548	-0.4337
549	-0.3592
550	-0.3434
551	-0.3956
552	-0.4712
553	-0.4238
554	-0.4507
555	-0.5007
556	-0.3081
557	-0.4023
558	-0.3768
559	-0.4449
560	-0.3949
561	-0.3676
562	-0.3905
563	-0.37
564	-0.4318
565	-0.372
566	-0.3561
567	-0.3906
568	-0.3765
569	-0.4925
570	-0.3932
571	-0.4125
572	-0.4025
573	-0.3955
574	-0.3538
575	-0.4282
576	-0.4673
577	-0.5964
578	-0.4626
579	-0.4618
580	-0.4455
581	-0.3895
582	-0.5084
583	-0.3726
584	-0.4178
585	-0.5414
586	-0.4826
587	-0.3372
588	-0.4043
589	-0.5056
590	-0.4433
591	-0.423
592	-0.4429
593	-0.4664
594	-0.4433
595	-0.4778
596	-0.4274
597	-0.5271
598	-0.4504
599	-0.4207
600	-0.3651
101	10960.0
102	10960.0
103	10950.0
104	10960.0
105	10960.0
106	10970.0
107	10960.0
108	10960.0
109	10960.0
110	10960.0
111	10970.0
112	10960.0
113	10960.0
114	10970.0
115	10960.0
116	10950.0
117	10980.0
118	10960.0
119	10960.0
120	10960.0
121	10960.0
122	10960.0
123	10960.0
124	10960.0
125	10970.0
126	10960.0
127	10960.0
128	10950.0
129	10960.0
130	10960.0
131	10960.0
132	10960.0
133	10960.0
134	10960.0
135	10960.0
136	10960.0
137	10960.0
138	10960.0
139	10960.0
140	10950.0
141	10960.0
142	10960.0
143	10960.0
144	10950.0
145	10970.0
146	10960.0
147	10960.0
148	10960.0
149	10960.0
150	10960.0
151	10960.0
152	10960.0
153	10960.0
154	10960.0
155	10960.0
156	10970.0
157	10960.0
158	10960.0
159	10960.0
160	10970.0
161	10960.0
162	10960.0
163	10960.0
164	10960.0
165	10960.0
166	10960.0
167	10960.0
168	10960.0
169	10960.0
170	10960.0
171	10970.0
172	10960.0
173	10960.0
174	10970.0
175	10960.0
176	10960.0
177	10960.0
178	10960.0
179	10960.0
180	10960.0
181	10960.0
182	10960.0
183	10960.0
184	10960.0
185	10960.0
186	10960.0
187	10960.0
188	10960.0
189	10970.0
190	10960.0
191	10960.0
192	10960.0
193	10960.0
194	10960.0
195	10960.0
196	10960.0
197	10960.0
198	10960.0
199	10970.0
200	10970.0
201	10960.0
202	10960.0
203	10960.0
204	10960.0
205	10960.0
206	10960.0
207	10970.0
208	10970.0
209	10960.0
210	10960.0
211	10960.0
212	10970.0
213	10960.0
214	10960.0
215	10960.0
216	10970.0
217	10950.0
218	10960.0
219	10960.0
220	10970.0
221	10960.0
222	10960.0
223	10960.0
224	10960.0
225	10960.0
226	10960.0
227	10960.0
228	10970.0
229	10960.0
230	10960.0
231	10960.0
232	10950.0
233	10960.0
234	10970.0
235	10960.0
236	10970.0
237	10960.0
238	10960.0
239	10970.0
240	10960.0
241	10970.0
242	10960.0
243	10960.0
244	10960.0
245	10960.0
246	10960.0
247	10960.0
248	10960.0
249	10950.0
250	10960.0
251	10960.0
252	10960.0
253	10960.0
254	10970.0
255	10960.0
256	10960.0
257	10960.0
258	10960.0
259	10960.0
260	10960.0
261	10960.0
262	10960.0
263	10960.0
264	10960.0
265	10960.0
266	10950.0
267	10960.0
268	10960.0
269	10960.0
270	10960.0
271	10970.0
272	10970.0
273	10960.0
274	10970.0
275	10960.0
276	10970.0
277	10970.0
278	10960.0
279	10960.0
280	10960.0
281	10970.0
282	10960.0
283	10970.0
284	10960.0
285	10970.0
286	10960.0
287	10960.0
288	10970.0
289	10960.0
290	10960.0
291	10960.0
292	10960.0
293	10960.0
294	10950.0
295	10970.0
296	10960.0
297	10960.0
298	10950.0
299	10960.0
300	10960.0
301	10960.0
302	10960.0
303	10960.0
304	10960.0
305	10960.0
306	10960.0
307	10970.0
308	10960.0
309	10960.0
310	10960.0
311	10960.0
312	10960.0
313	10960.0
314	10970.0
315	10960.0
316	10970.0
317	10960.0
318	10960.0
319	10960.0
320	10960.0
321	10960.0
322	10960.0
323	10970.0
324	10960.0
325	10960.0
326	10960.0
327	10960.0
328	10960.0
329	10960.0
330	10980.0
331	10960.0
332	10970.0
333	10960.0
334	10970.0
335	10960.0
336	10960.0
337	10970.0
338	10960.0
339	10970.0
340	10960.0
341	10960.0
342	10960.0
343	10970.0
344	10970.0
345	10960.0
346	10960.0
347	10960.0
348	10960.0
349	10960.0
350	10960.0
351	10970.0
352	10960.0
353	10970.0
354	10970.0
355	10950.0
356	10960.0
357	10970.0
358	10960.0
359	10960.0
360	10960.0
361	10960.0
362	10960.0
363	10960.0
364	10980.0
365	10960.0
366	10970.0
367	10960.0
368	10970.0
369	10950.0
370	10960.0
371	10970.0
372	10950.0
373	10970.0
374	10960.0
375	10960.0
376	10960.0
377	10960.0
378	10960.0
379	10960.0
380	10950.0
381	10960.0
382	10970.0
383	10960.0
384	10960.0
385	10960.0
386	10960.0
387	10970.0
388	10960.0
389	10960.0
390	10960.0
391	10960.0
392	10960.0
393	10960.0
394	10960.0
395	10980.0
396	10970.0
397	10970.0
398	10970.0
399	10960.0
400	10960.0
401	10960.0
402	10960.0
403	10960.0
404	10960.0
405	10960.0
406	10960.0
407	10970.0
408	10960.0
409	10970.0
410	10960.0
411	10960.0
412	10960.0
413	10960.0
414	10970.0
415	10980.0
416	10960.0
417	10960.0
418	10970.0
419	10960.0
420	10960.0
421	10960.0
422	10960.0
423	10960.0
424	10960.0
425	10960.0
426	10960.0
427	10960.0
428	10970.0
429	10960.0
430	10960.0
431	10960.0
432	10970.0
433	10960.0
434	10960.0
435	10960.0
436	10960.0
437	10960.0
438	10970.0
439	10960.0
440	10960.0
441	10970.0
442	10960.0
443	10960.0
444	10960.0
445	10960.0
446	10960.0
447	10970.0
448	10960.0
449	10960.0
450	10960.0
451	10970.0
452	10960.0
453	10960.0
454	10960.0
455	10960.0
456	10960.0
457	10960.0
458	10960.0
459	10960.0
460	10960.0
461	10960.0
462	10960.0
463	10970.0
464	10960.0
465	10960.0
466	10960.0
467	10960.0
468	10960.0
469	10960.0
470	10960.0
471	10960.0
472	10960.0
473	10960.0
474	10960.0
475	10970.0
476	10960.0
477	10960.0
478	10960.0
479	10960.0
480	10960.0
481	10950.0
482	10980.0
483	10970.0
484	10960.0
485	10960.0
486	10960.0
487	10960.0
488	10960.0
489	10960.0
490	10960.0
491	10960.0
492	10970.0
493	10970.0
494	10960.0
495	10960.0
496	10960.0
497	10960.0
498	10960.0
499	10960.0
500	10960.0
501	10970.0
502	10960.0
503	10960.0
504	10960.0
505	10960.0
506	10970.0
507	10970.0
508	10960.0
509	10970.0
510	10970.0
511	10960.0
512	10960.0
513	10960.0
514	10970.0
515	10960.0
516	10960.0
517	10970.0
518	10960.0
519	10960.0
520	10960.0
521	10960.0
522	10960.0
523	10960.0
524	10970.0
525	10970.0
526	10960.0
527	10960.0
528	10950.0
529	10960.0
530	10960.0
531	10960.0
532	10960.0
533	10960.0
534	10960.0
535	10960.0
536	10960.0
537	10970.0
538	10950.0
539	10960.0
540	10970.0
541	10960.0
542	10960.0
543	10950.0
544	10960.0
545	10970.0
546	10970.0
547	10970.0
548	10970.0
549	10970.0
550	10970.0
551	10970.0
552	10960.0
553	10970.0
554	10960.0
555	10960.0
556	10970.0
557	10960.0
558	10960.0
559	10960.0
560	10970.0
561	10960.0
562	10960.0
563	10960.0
564	10950.0
565	10960.0
566	10960.0
567	10960.0
568	10960.0
569	10960.0
570	10960.0
571	10960.0
572	10960.0
573	10960.0
574	10960.0
575	10960.0
576	10960.0
577	10970.0
578	10950.0
579	10960.0
580	10960.0
581	10960.0
582	10970.0
583	10970.0
584	10960.0
585	10960.0
586	10970.0
587	10960.0
588	10960.0
589	10970.0
590	10960.0
591	10960.0
592	10960.0
593	10960.0
594	10970.0
595	10960.0
596	10960.0
597	10970.0
598	10960.0
599	10970.0
600	10970.0
101	0.03151
102	0.02199
103	0.02396
104	0.01397
105	0.02321
106	0.007268
107	0.02582
108	0.01715
109	0.008468
110	0.01022
111	0.01567
112	0.01033
113	0.01146
114	0.01157
115	0.01559
116	0.02166
117	0.03157
118	0.02042
119	0.01911
120	0.01908
121	0.01344
122	0.02373
123	0.01888
124	0.005185
125	0.008146
126	0.01558
127	0.0247
128	0.01526
129	0.02649
130	0.0197
131	0.00923
132	0.01491
133	0.0144
134	0.02202
135	0.01711
136	0.02053
137	0.0225
138	0.02139
139	0.01852
140	0.0109
141	0.0168
142	0.01801
143	0.01518
144	0.01352
145	0.01312
146	0.008245
147	0.006894
148	0.008317
149	0.01023
150	0.01078
151	0.01788
152	0.01357
153	0.01027
154	0.0121
155	0.00651
156	0.02307
157	0.01972
158	0.01271
159	0.02602
160	0.02817
161	0.01974
162	0.01364
163	0.02161
164	0.006216
165	0.01014
166	0.01029
167	0.0243
168	0.02111
169	0.01263
170	0.01291
171	0.008504
172	0.01898
173	0.007865
174	0.01161
175	0.004849
176	0.02075
177	0.01276
178	0.02994
179	0.01351
180	0.02396
181	0.01268
182	0.009242
183	0.01859
184	0.03205
185	0.02651
186	0.02579
187	0.01453
188	0.01638
189	0.007741
190	0.0117
191	0.02436
192	0.01949
193	0.01953
194	0.02244
195	0.01369
196	0.02373
197	0.01404
198	0.008851
199	0.009535
200	0.02917
201	0.007832
202	0.008279
203	0.01897
204	0.01946
205	0.02447
206	0.007942
207	0.01756
208	0.01974
209	0.01653
210	0.0156
211	0.02146
212	0.02467
213	0.01332
214	0.01886
215	0.009959
216	0.01713
217	0.02459
218	0.005171
219	0.0117
220	0.01433
221	0.01595
222	0.01547
223	0.0129
224	0.01558
225	0.009773
226	0.0111
227	0.01821
228	0.01766
229	0.0255
230	0.01169
231	0.01604
232	0.01108
233	0.01498
234	0.01199
235	0.005144
236	0.02611
237	0.00857
238	0.02428
239	0.009906
240	0.0179
241	0.01146
242	0.01752
243	0.01549
244	0.01818
245	0.02513
246	0.02364
247	0.005061
248	0.01663
249	0.01343
250	0.009021
251	0.01151
252	0.01457
253	0.01307
254	0.03252
255	0.02201
256	0.009386
257	0.03155
258	0.02541
259	0.01206
260	0.01018
261	0.01889
262	0.01865
263	0.02583
264	0.0187
265	0.01926
266	0.01295
267	0.0158
268	0.01813
269	0.01261
270	0.01368
271	0.02129
272	0.02146
273	0.006586
274	0.0195
275	0.01661
276	0.008901
277	0.01617
278	0.01075
279	0.01068
280	0.01199
281	0.02291
282	0.01466
283	0.01233
284	0.0159
285	0.0148
286	0.01133
287	0.01843
288	0.022
289	0.01044
290	0.0109
291	0.01419
292	0.02294
293	0.0488
294	0.01502
295	0.02368
296	0.02598
297	0.009604
298	0.02377
299	0.02894
300	0.02159
301	0.04129
302	0.01875
303	0.02661
304	0.009589
305	0.013
306	0.02804
307	0.02125
308	0.007991
309	0.01512
310	0.02924
311	0.02258
312	0.02674
313	0.007642
314	0.01301
315	0.01165
316	0.02939
317	0.008124
318	0.01977
319	0.01938
320	0.01981
321	0.01619
322	0.02929
323	0.04658
324	0.0196
325	0.01738
326	0.03399
327	0.01526
328	0.02041
329	0.02571
330	0.02782
331	0.02042
332	0.04344
333	0.01628
334	0.05948
335	0.01912
336	0.01481
337	0.01197
338	0.02616
339	0.02414
340	0.02381
341	0.02297
342	0.01714
343	0.02227
344	0.01518
345	0.0234
346	0.02711
347	0.0113
348	0.03183
349	0.008338
350	0.02857
351	0.0364
352	0.01785
353	0.01213
354	0.01855
355	0.0187
356	0.02272
357	0.008449
358	0.01397
359	0.02455
360	0.01997
361	0.01424
362	0.02972
363	0.0256
364	0.01218
365	0.02016
366	0.01982
367	0.007305
368	0.01383
369	0.0161
370	0.01577
371	0.004069
372	0.02306
373	0.009267
374	0.01835
375	0.03511
376	0.007466
377	0.01353
378	0.01357
379	0.01942
380	0.03293
381	0.04374
382	0.01821
383	0.01494
384	0.0267
385	0.006908
386	0.01587
387	0.04103
388	0.003538
389	0.005586
390	0.03402
391	0.01582
392	0.01391
393	0.0305
394	0.01931
395	0.01173
396	0.01525
397	0.02011
398	0.007285
399	0.01033
400	0.01509
401	0.01501
402	0.01807
403	0.01912
404	0.05936
405	0.02694
406	0.01363
407	0.01655
408	0.02215
409	0.01697
410	0.01603
411	0.01986
412	0.06052
413	0.02181
414	0.0142
415	0.02278
416	0.01971
417	0.01077
418	0.01597
419	0.01696
420	0.006187
421	0.02311
422	0.02253
423	0.01591
424	0.01931
425	0.0248
426	0.02209
427	0.02395
428	0.02456
429	0.02489
430	0.02171
431	0.02604
432	0.02677
433	0.02795
434	0.005424
435	0.0118
436	0.03091
437	0.02439
438	0.0234
439	0.02072
440	0.02211
441	0.02097
442	0.02928
443	0.0347
444	0.02599
445	0.01457
446	0.03524
447	0.02276
448	0.01093
449	0.01805
450	0.01204
451	0.02301
452	0.02702
453	0.01784
454	0.02758
455	0.01045
456	0.02418
457	0.0342
458	0.01813
459	0.0237
460	0.0273
461	0.03393
462	0.01238
463	0.008329
464	0.03647
465	0.01815
466	0.02751
467	0.01807
468	0.0134
469	0.01296
470	0.01939
471	0.01402
472	0.01274
473	0.0198
474	0.01796
475	0.009607
476	0.0216
477	0.01456
478	0.01464
479	0.02144
480	0.01661
481	0.00745
482	0.03193
483	0.01201
484	0.01583
485	0.02541
486	0.02323
487	0.02007
488	0.02642
489	0.01774
490	0.01431
491	0.0166
492	0.02315
493	0.01955
494	0.0286
495	0.04081
496	0.02166
497	0.0301
498	0.01955
499	0.04374
500	0.01572
501	0.02306
502	0.02716
503	0.02
504	0.01559
505	0.02514
506	0.009171
507	0.01828
508	0.01241
509	0.03035
510	0.02747
511	0.02995
512	0.01421
513	0.0207
514	0.03007
515	0.01891
516	0.01264
517	0.0178
518	0.01089
519	0.04329
520	0.01268
521	0.02443
522	0.01968
523	0.03407
524	0.02721
525	0.02244
526	0.02602
527	0.01687
528	0.02193
529	0.009781
530	0.01631
531	0.02086
532	0.03162
533	0.0168
534	0.02238
535	0.02033
536	0.01791
537	0.006935
538	0.02113
539	0.006767
540	0.02556
541	0.02914
542	0.009156
543	0.01735
544	0.04766
545	0.03118
546	0.01149
547	0.05416
548	0.02317
549	0.0184
550	0.02647
551	0.0163
552	0.01165
553	0.01087
554	0.01875
555	0.01845
556	0.01707
557	0.008336
558	0.01917
559	0.02232
560	0.02552
561	0.02315
562	0.0351
563	0.02241
564	0.044
565	0.01616
566	0.05344
567	0.01994
568	0.01684
569	0.01583
570	0.02181
571	0.01415
572	0.02443
573	0.02939
574	0.004328
575	0.03079
576	0.03284
577	0.03913
578	0.02934
579	0.0316
580	0.0161
581	0.03213
582	0.02041
583	0.02943
584	0.01564
585	0.02976
586	0.01442
587	0.02364
588	0.01004
589	0.01902
590	0.03114
591	0.02403
592	0.02004
593	0.01961
594	0.01996
595	0.01442
596	0.03533
597	0.02527
598	0.01882
599	0.007075
600	0.02802
