2	8.668
3	6.445
4	1.531
5	5.446
6	2.778
7	9.726
8	1.011
9	9.653
10	2.534
11	5.692
12	2.006
13	0.4776
14	5.186
15	8.875
16	3.431
17	6.306
18	7.598
19	5.757
20	9.718
21	3.442
22	0.07293
23	7.888
24	6.923
25	5.489
26	3.21
27	5.824
28	2.54
29	4.194
30	6.982
31	6.827
32	4.492
33	7.812
34	6.071
35	0.9283
36	9.741
37	3.066
38	4.27
39	5.513
40	7.888
41	3.331
42	4.815
43	0.1083
44	4.266
45	2.318
46	9.679
47	5.021
48	1.568
49	1.338
50	9.31
51	7.536
52	3.886
53	5.925
54	2.761
55	8.251
56	4.411
57	7.401
58	0.5379
59	4.933
60	8.174
61	7.755
62	5.148
63	6.577
64	2.834
65	0.3532
66	3.704
67	0.3969
68	1.511
69	4.346
70	1.609
71	7.439
72	9.535
73	1.178
74	2.987
75	9.158
76	6.41
77	3.266
78	8.148
79	5.178
80	6.024
81	9.33
82	1.81
83	5.235
84	6.749
85	1.38
86	1.293
87	5.861
88	3.77
89	1.703
90	1.622
91	3.403
92	6.879
93	3.624
94	8.333
95	3.222
96	8.095
97	1.65
98	2.106
99	5.371
100	9.432
101	7.491
102	5.923
103	2.899
104	4.758
105	9.401
106	4.991
107	2.037
108	0.6495
109	8.229
110	4.957
111	0.6728
112	2.861
113	1.293
114	1.289
115	4.942
116	0.8683
117	6.004
118	3.251
119	9.452
120	3.325
121	6.316
122	7.389
123	4.479
124	2.137
125	5.221
126	5.131
127	5.598
128	5.923
129	6.651
130	0.8658
131	0.3104
132	8.475
133	1.713
134	8.914
135	7.377
136	4.276
137	8.762
138	2.287
139	3.694
140	6.032
141	4.109
142	9.803
143	4.345
144	3.984
145	5.693
146	9.009
147	5.07
148	2.401
149	9.644
150	4.816
151	2.742
152	4.561
153	3.949
154	9.717
155	2.805
156	7.874
157	5.483
158	3.747
159	4.977
160	0.143
161	2.74
162	0.2264
163	1.09
164	4.408
165	1.619
166	3.914
167	3.461
168	9.133
169	7.874
170	6.518
171	1.695
172	8.253
173	7.897
174	3.664
175	1.414
176	7.067
177	7.657
178	9.047
179	5.326
180	1.152
181	8.313
182	2.948
183	5.823
184	6.472
185	5.945
186	8.229
187	6.643
188	7.549
189	1.445
190	6.875
191	0.629
192	3.592
193	2.623
194	5.592
195	1.083
196	0.9869
197	1.47
198	9.601
199	7.025
200	4.612
201	2.441
202	3.188
203	2.983
204	1.398
205	9.652
206	5.445
207	9.619
208	5.984
209	1.35
210	0.2081
211	7.711
212	6.472
213	2.829
214	7.343
215	1.232
216	0.586
217	1.937
218	7.062
219	9.786
220	9.241
221	8.658
222	7.507
223	7.685
224	4.771
225	6.392
226	1.541
227	5.423
228	5.255
229	9.681
230	4.112
231	4.861
232	9.825
233	7.851
234	6.541
235	7.402
236	0.709
237	9.591
238	6.728
239	3.455
240	9.689
241	8.69
242	6.551
243	7.864
244	2.312
245	2.207
246	6.695
247	4.518
248	8.955
249	1.137
250	7.363
251	1.391
252	8.768
253	7.73
254	9.281
255	8.659
256	8.676
257	9.652
258	6.188
259	7.929
260	8.273
261	2.21
262	1.7
263	6.999
264	8.783
265	1.663
266	7.43
267	8.656
268	3.541
269	2.282
270	7.157
271	2.368
272	9.55
273	5.228
274	2.396
275	4.623
276	4.95
277	1.152
278	6.922
279	8.216
280	5.07
281	1.228
282	0.5583
283	5.599
284	3.834
285	4.648
286	1.453
287	3.467
288	4.499
289	1.321
290	3.434
291	1.437
292	9.344
293	3.714
294	0.03751
295	2.892
296	5.506
297	0.5286
298	6.776
299	8.645
300	4.471
301	8.878
302	8.807
303	4.971
304	8.607
305	5.072
306	3.539
307	5.357
308	4.85
309	9.793
310	7.961
311	8.73
312	4.302
313	3.883
314	8.035
315	7.115
316	8.179
317	0.8286
318	6.506
319	6.686
320	9.976
321	6.749
322	3.047
323	9.091
324	8.255
325	5.151
326	1.388
327	2.616
328	9.875
329	2.947
330	5.107
331	5.059
332	6.071
333	6.428
334	7.934
335	0.8678
336	0.4736
337	0.1051
338	9.344
339	5.6
340	8.567
341	8.911
342	0.5314
343	7.073
344	9.594
345	1.095
346	9.739
347	2.629
348	0.2633
349	3.132
350	3.165
351	7.752
352	9.112
353	3.577
354	0.3831
355	3.79
356	1.113
357	9.135
358	8.574
359	3.523
360	9.675
361	3.827
362	6.903
363	1.698
364	0.5356
365	7.635
366	2.067
367	8.742
368	6.231
369	2.197
370	2.607
371	3.268
372	6.349
373	2.445
374	6.8
375	2.54
376	4.333
377	4.38
378	4.528
379	9.71
380	0.6088
381	0.01595
382	4.253
383	7.85
384	3.099
385	8.528
386	8.054
387	3.872
388	0.6364
389	8.561
390	4.824
391	0.3749
392	2.783
393	5.597
394	5.327
395	7.484
396	1.26
397	9.258
398	2.349
399	4.427
400	8.558
401	8.203
402	9.078
403	4.866
404	7.742
405	3.998
406	9.642
407	8.338
408	8.748
409	1.536
410	8.933
411	7.717
412	0.04519
413	9.165
414	6.201
415	8.284
416	8.347
417	1.276
418	8.186
419	1.014
420	4.749
421	1.989
422	0.3676
423	9.555
424	8.461
425	6.634
426	9.9
427	5.511
428	9.416
429	8.076
430	4.034
431	1.988
432	7.278
433	4.579
434	8.086
435	9.734
436	4.918
437	4.165
438	3.067
439	1.955
440	6.094
441	1.229
442	0.01599
443	5.883
444	1.945
445	5.44
446	1.499
447	8.991
448	3.927
449	7.507
450	9.798
451	1.231
452	3.635
453	0.6407
454	3.101
455	3.763
456	4.401
457	1.102
458	7.668
459	7.66
460	2.536
461	9.871
462	4.507
463	4.735
464	6.083
465	5.187
466	7.52
467	7.952
468	8.141
469	5.063
470	2.627
471	3.375
472	4.88
473	5.717
474	8.748
475	4.696
476	5.033
477	8.96
478	3.882
479	8.015
480	3.718
481	5.326
482	6.904
483	9.987
484	6.797
485	3.113
486	3.992
487	0.1471
488	2.576
489	1.952
490	3.931
491	7.492
492	9.399
493	4.661
494	7.106
495	6.594
496	5.829
497	8.877
498	1.036
499	8.423
500	1.579
501	3.419
502	2.612
503	2.176
504	0.8078
505	5.063
506	7.646
507	5.644
508	0.9027
509	9.751
510	4.746
511	8.823
512	9.734
513	3.214
514	2.73
515	7.755
516	2.53
517	7.881
518	9.328
519	6.211
520	0.9812
521	1.151
522	4.772
523	0.8012
524	1.057
525	4.968
526	6.203
527	2.945
528	9.967
529	5.085
530	5.106
531	6.198
532	6.792
533	2.399
534	3.35
535	2.959
536	8.591
537	3.553
538	4.545
539	3.429
540	6.752
541	2.877
542	7.199
543	4.355
544	7.734
545	3.292
546	3.543
547	4.686
548	9.393
549	5.89
550	6.637
551	0.8659
552	6.604
553	1.159
554	8.429
555	1.587
556	3.988
557	3.547
558	1.852
559	3.926
560	8.952
561	9.893
562	7.771
563	4.964
564	7.755
565	5.43
566	5.945
567	2.765
568	7.787
569	1.182
570	8.238
571	5.088
572	2.08
573	8.25
574	9.327
575	2.028
576	4.771
577	4.894
578	4.426
579	6.623
580	6.859
581	4.208
582	8.548
583	0.2919
584	1.615
585	4.012
586	1.437
587	6.257
588	0.4372
589	2.542
590	5.773
591	2.411
592	3.365
593	3.938
594	5.959
595	6.461
596	5.77
597	2.974
598	2.514
599	5.192
600	9.216
601	9.464
602	5.395
603	3.949
604	3.649
605	5.934
606	3.597
607	2.031
608	0.5632
609	4.915
610	5.612
611	3.505
612	3.796
613	7.077
614	5.266
615	9.604
616	8.938
617	4.957
618	3.702
619	9.374
620	3.365
621	3.41
622	8.882
623	9.099
624	3.247
625	0.5937
626	6.123
627	4.102
628	4.461
629	7.514
630	7.785
631	3.012
632	3.234
633	5.8
634	4.589
635	8.283
636	8.172
637	4.698
638	0.5202
639	6.99
640	3.488
641	8.822
642	6.564
643	3.467
644	9.895
645	2.247
646	5.439
647	0.09501
648	0.483
649	0.05275
650	2.544
651	4.518
652	3.446
653	2.663
654	7.562
655	1.757
656	5.078
657	9.221
658	3.505
659	5.194
660	8.542
661	3.979
662	5.148
663	6.837
664	1.717
665	9.943
666	3.577
667	8.763
668	2.312
669	9.684
670	4.377
671	4.06
672	3.74
673	1.878
674	7.833
675	6.166
676	7.476
677	6.296
678	6.021
679	8.448
680	4.199
681	1.222
682	0.6649
683	2.258
684	8.372
685	4.414
686	1.628
687	0.8827
688	9.085
689	9.625
690	9.55
691	4.735
692	6.723
693	3.2
694	7.839
695	7.999
696	8.623
697	0.4224
698	2.097
699	8.63
700	6.748
701	8.374
702	1.356
703	6.116
704	2.834
705	3.704
706	3.222
707	7.003
708	5.422
709	3.336
710	8.542
711	2.043
712	2.872
713	3.973
714	7.146
715	0.1367
716	0.1625
717	3.52
718	0.7133
719	6.832
720	4.216
721	4.673
722	2.966
723	4.738
724	7.607
725	5.37
726	2.428
727	8.108
728	8.905
729	6.1
730	9.614
731	3.967
732	6.398
733	5.813
734	7.789
735	2.079
736	3.582
737	6.868
738	5.341
739	7.461
740	9.824
741	1.437
742	2.871
743	9.985
744	4.386
745	4.198
746	6.135
747	9.153
748	8.549
749	2.538
750	8.401
751	6.892
752	5.444
753	1.773
754	9.638
755	2.082
756	5.394
757	7.794
758	9.937
759	4.072
760	2.669
761	3.836
762	0.7792
763	4.81
764	6.113
765	3.26
766	9.683
767	9.602
768	7.539
769	8.634
770	1.967
771	2.249
772	6.158
773	5.419
774	8.268
775	9.937
776	7.816
777	0.3088
778	7.257
779	0.9511
780	6.917
781	8.416
782	2.185
783	3.15
784	3.012
785	3.361
786	4.939
787	6.034
788	3.09
789	8.306
790	7.82
791	0.8565
792	3.727
793	7.145
794	6.63
795	4.755
796	9.547
797	2.201
798	9.715
799	9.004
800	7.514
801	7.118
802	8.392
803	9.898
804	6.082
805	4.387
806	0.5045
807	3.034
808	1.423
809	2.671
810	2.688
811	5.423
812	3.539
813	9.156
814	4.099
815	1.187
816	9.628
817	6.733
818	1.392
819	0.7161
820	4.6
821	8.751
822	8.243
823	1.173
824	0.08933
825	3.624
826	2.176
827	2.555
828	9.043
829	7.496
830	8.932
831	6.167
832	2.088
833	4.974
834	5.511
835	0.6896
836	2.673
837	4.91
838	3.648
839	1.396
840	9.258
841	7.265
842	8.388
843	2.955
844	1.827
845	1.744
846	6.549
847	3.948
848	1.414
849	6.015
850	1.719
851	5.437
852	1.913
853	5.38
854	1.191
855	4.031
856	9.508
857	4.402
858	0.1371
859	1.002
860	5.723
861	4.56
862	3.166
863	4.537
864	0.4992
865	0.8446
866	2.284
867	8.006
868	9.331
869	2.122
870	8.977
871	6.316
872	3.442
873	9.584
874	9.086
875	0.1023
876	6.085
877	5.295
878	8.645
879	1.223
880	0.3169
881	0.9024
882	6.199
883	4.088
884	3.361
885	2.702
886	3.541
887	7.614
888	1.63
889	7.181
890	2.673
891	7.761
892	2.424
893	9.946
894	0.1954
895	1.581
896	7.591
897	2.428
898	0.7649
899	9.464
900	8.117
901	6.597
902	9.479
903	6.694
904	2.106
905	8.948
906	8.1
907	7.284
908	3.151
909	6.083
910	1.03
911	7.777
912	4.364
913	4.109
914	4.498
915	5.666
916	0.3879
917	4.872
918	6.054
919	8.646
920	6.373
921	7.789
922	7.466
923	8.718
924	1.427
925	4.693
926	8.763
927	3.792
928	4.769
929	1.286
930	3.645
931	0.03914
932	4.724
933	9.32
934	3.733
935	0.7409
936	7.573
937	5.679
938	6.634
939	1.234
940	8.102
941	1.14
942	6.631
943	7.438
944	4.061
945	1.009
946	6.053
947	5.018
948	1.821
949	5.044
950	5.077
951	7.725
952	1.455
953	8.466
954	8.815
955	6.91
956	8.826
957	5.084
958	3.06
959	9.544
960	1.3
961	3.791
962	6.506
963	2.109
964	8.77
965	4.815
966	6.083
967	0.2003
968	5.229
969	2.822
970	2.772
971	5.38
972	1.601
973	8.847
974	1.506
975	0.7978
976	0.7662
977	2.686
978	2.064
979	0.7268
980	1.827
981	9.246
982	1.137
983	5.562
984	0.1421
985	2.931
986	2.264
987	8.494
988	9.482
989	4.268
990	5.217
991	9.285
992	8.827
993	5.991
994	0.8021
995	8.863
996	1.75
997	2.329
998	7.811
999	6.826
1000	9.245
1001	8.137
1002	8.318
1003	7.847
1004	1.194
1005	6.987
1006	9.892
1007	9.973
1008	1.731
1009	6.462
1010	9.245
1011	2.271
1012	1.652
1013	2.637
1014	0.3947
1015	3.294
1016	1.386
1017	5.473
1018	1.578
1019	2.358
1020	7.201
1021	7.846
1022	5.451
1023	2.674
1024	2.956
1025	3.885
1026	2.876
1027	8.392
1028	5.254
1029	1.468
1030	7.194
1031	9.936
1032	7.284
1033	4.529
1034	5.069
1035	2.229
1036	4.844
1037	6.319
1038	2.726
1039	7.967
1040	2.313
1041	6.817
1042	2.172
1043	3.439
1044	4.065
1045	6.147
1046	6.297
1047	1.424
1048	5.337
1049	8.645
1050	7.76
1051	6.662
1052	0.6397
1053	5.197
1054	1.693
1055	7.798
1056	9.192
1057	9.41
1058	8.811
1059	5.516
1060	4.59
1061	1.628
1062	9.543
1063	4.847
1064	0.7741
1065	3.879
1066	9.973
1067	9.017
1068	9.976
1069	5.219
1070	2.458
1071	6.185
1072	3.064
1073	9.155
1074	5.332
1075	5.634
1076	8.278
1077	0.9984
1078	2.771
1079	3.06
1080	0.9574
1081	1.125
1082	6.169
1083	0.1892
1084	2.831
1085	9.781
1086	7.731
1087	9.02
1088	2.405
1089	3.095
1090	8.423
1091	1.869
1092	5.753
1093	7.24
1094	9.634
1095	2.569
1096	0.2827
1097	0.3836
1098	2.979
1099	5.767
1100	7.894
1101	5.197
1102	2.335
1103	4.435
1104	6.004
1105	2.059
1106	9.614
1107	2.268
1108	9.824
1109	7.289
1110	5.713
1111	8.194
1112	6.224
1113	2.407
1114	7.43
1115	1.016
1116	6.612
1117	7.579
1118	1.014
1119	4.902
1120	2.312
1121	2.75
1122	6.952
1123	6.841
1124	2.306
1125	2.511
1126	6.835
1127	9.375
1128	1.989
1129	2.032
1130	2.509
1131	3.229
1132	3.408
1133	1.153
1134	6.675
1135	5.427
1136	8.826
1137	6.684
1138	0.6624
1139	9.89
1140	4.043
1141	3.703
1142	3.554
1143	7.957
1144	6.02
1145	6.109
1146	8.135
1147	6.508
1148	6.37
1149	4.612
1150	9.831
1151	2.803
1152	0.1479
1153	1.379
1154	9.558
1155	2.523
1156	1.369
1157	0.4819
1158	8.842
1159	6.173
1160	7.113
1161	1.751
1162	2.704
1163	7.782
1164	7.85
1165	4.947
1166	5.697
1167	8.746
1168	1.031
1169	5.864
1170	1.961
1171	4.218
1172	8.103
1173	4.588
1174	8.538
1175	5.828
1176	3.117
1177	1.417
1178	2.253
1179	6.645
1180	5.537
1181	1.806
1182	1.354
1183	6.69
1184	5.979
1185	5.32
1186	1.879
1187	6.25
1188	3.841
1189	5.239
1190	4.683
1191	9.959
1192	7.564
1193	0.07897
1194	0.6155
1195	6.917
1196	5.095
1197	4.776
1198	5.428
1199	6.853
1200	2.322
1201	6.004
1202	6.41
1203	4.115
1204	0.2109
1205	7.431
1206	7.423
1207	2.833
1208	2.795
1209	6.621
1210	9.247
1211	9.268
1212	2.495
1213	1.485
1214	7.58
1215	5.397
1216	9.63
1217	2.762
1218	6.41
1219	0.2095
1220	9.733
1221	6.252
1222	1.491
1223	7.98
1224	4.276
1225	5.405
1226	0.6397
1227	6.158
1228	9.355
1229	6.526
1230	7.227
1231	2.696
1232	4.539
1233	9.251
1234	1.368
1235	5.016
1236	7.5
1237	0.3599
1238	2.349
1239	5.298
1240	1.24
1241	1.049
1242	8.638
1243	5.559
1244	4.59
1245	9.585
1246	5.931
1247	3.089
1248	1.895
1249	9.58
1250	1.861
1251	1.071
1252	3.157
1253	3.258
1254	1.924
1255	0.3633
1256	4.904
1257	4.981
1258	1.306
1259	8.353
1260	6.103
1261	8.785
1262	2.807
1263	2.764
1264	1.672
1265	9.398
1266	0.671
1267	5.06
1268	3.802
1269	0.3828
1270	4.007
1271	8.071
1272	5.078
1273	9.943
1274	4.353
1275	3.848
1276	8.371
1277	1.291
1278	6.295
1279	5.281
1280	0.8652
1281	7.209
1282	1.18
1283	4.612
1284	5.352
1285	4.354
1286	2.621
1287	8.345
1288	6.401
1289	8.306
1290	5.044
1291	8.89
1292	4.81
1293	3.927
1294	6.089
1295	3.458
1296	1.919
1297	0.5127
1298	8.8
1299	7.893
1300	7.623
1301	4.269
1302	9.463
1303	3.945
1304	1.226
1305	8.662
1306	6.824
1307	9.45
1308	6.89
1309	9.335
1310	5.068
1311	2.155
1312	2.131
1313	3.198
1314	3.485
1315	1.581
1316	8.61
1317	3.834
1318	6.311
1319	6.405
1320	5.401
1321	2.363
1322	4.679
1323	8.252
1324	1.914
1325	3.206
1326	0.3432
1327	9.323
1328	1.187
1329	7.885
1330	9.83
1331	9.149
1332	9.885
1333	9.517
1334	2.551
1335	6.437
1336	2.614
1337	5.14
1338	9.959
1339	1.116
1340	4.212
1341	4.068
1342	5.128
1343	0.7254
1344	1.513
1345	3.78
1346	7.953
1347	5.194
1348	6.366
1349	5.96
1350	8.093
1351	4.672
1352	0.3274
1353	2.029
1354	7.152
1355	8.53
1356	5.743
1357	8.642
1358	1.739
1359	2.216
1360	9.394
1361	3.545
1362	6.96
1363	8.515
1364	3.717
1365	8.194
1366	5.889
1367	9.059
1368	5.501
1369	5.371
1370	7.052
1371	6.054
1372	8.824
1373	6.355
1374	1.921
1375	6.844
1376	2.914
1377	1.134
1378	6.53
1379	8.36
1380	5.912
1381	8.778
1382	7.232
1383	1.064
1384	6.967
1385	1.71
1386	7.314
1387	8.832
1388	0.002674
1389	3.82
1390	1.426
1391	4.088
1392	7.265
1393	1.28
1394	7.792
1395	5.68
1396	7.899
1397	6.489
1398	1.044
1399	2.102
1400	1.939
1401	2.763
1402	6.043
1403	0.7524
1404	3.98
1405	6.846
1406	3.754
1407	3.774
1408	0.3093
1409	1.296
1410	8.323
1411	7.198
1412	9.93
1413	0.9558
1414	2.85
1415	4.024
1416	2.518
1417	7.296
1418	6.574
1419	2.296
1420	9.654
1421	9.808
1422	8.405
1423	5.061
1424	2.801
1425	9.013
1426	2.86
1427	7.912
1428	2.131
1429	4.817
1430	4.769
1431	4.227
1432	5.193
1433	4.319
1434	8.714
1435	8.923
1436	7.439
1437	6.559
1438	6.566
1439	9.878
1440	7.039
1441	9.539
1442	1.83
1443	4.83
1444	6.066
1445	2.766
1446	5.788
1447	5.635
1448	1.885
1449	3.649
1450	3.884
1451	4.315
1452	9.34
1453	1.686
1454	5.604
1455	9.88
1456	9.977
1457	6.676
1458	4.439
1459	7.969
1460	1.665
1461	2.034
1462	0.228
1463	9.74
1464	1.49
1465	2.655
1466	3.204
1467	2.218
1468	7.723
1469	4.73
1470	8.212
1471	5.831
1472	6.741
1473	3.43
1474	9.434
1475	1.129
1476	2.175
1477	4.705
1478	8.944
1479	4.883
1480	1.16
1481	2.854
1482	0.564
1483	4.773
1484	8.335
1485	2.695
1486	4.509
1487	5.728
1488	1.076
1489	2.932
1490	4.551
1491	0.2593
1492	8.781
1493	4.187
1494	3.926
1495	0.3855
1496	6.37
1497	8.051
1498	1.417
1499	3.19
1500	6.878
1501	0.9377
1502	9.624
1503	6.086
1504	4.197
1505	0.1658
1506	4.376
1507	1.815
1508	7.278
1509	8.38
1510	6.664
1511	7.106
1512	2.818
1513	7.067
1514	8.81
1515	0.7032
1516	4.471
1517	4.039
1518	6.151
1519	5.854
1520	1.005
1521	0.6579
1522	2.872
1523	0.8434
1524	4.951
1525	9.796
1526	7.638
1527	6.748
1528	7.613
1529	5.996
1530	8.939
1531	4.229
1532	1.055
1533	9.101
1534	2.608
1535	8.62
1536	3.875
1537	2.171
1538	0.417
1539	3.771
1540	3.203
1541	4.122
1542	1.571
1543	9.559
1544	1.898
1545	9.264
1546	4.274
1547	5.869
1548	6.664
1549	7.93
1550	5.407
1551	6.991
1552	0.223
1553	5.1
1554	0.3837
1555	1.503
1556	5.227
1557	6.494
1558	2.678
1559	0.4765
1560	4.284
1561	9.942
1562	1.246
1563	8.691
1564	8.067
1565	5.429
1566	5.187
1567	9.451
1568	6.672
1569	0.2785
1570	7.171
1571	9.808
1572	4.04
1573	5.972
1574	1.299
1575	6.55
1576	9.34
1577	1.865
1578	1.317
1579	9.017
1580	6.271
1581	1.484
1582	3.14
1583	9.709
1584	1.776
1585	9.732
1586	2.654
1587	9.722
1588	5.047
1589	6.771
1590	3.643
1591	9.574
1592	9.568
1593	8.769
1594	7.402
1595	4.855
1596	5.915
1597	9.641
1598	3.569
1599	9.189
1600	4.498
1601	7.727
1602	0.7899
1603	5.69
1604	4.57
1605	5.243
1606	1.526
1607	0.1521
1608	4.525
1609	3.509
1610	0.536
1611	1.708
1612	1.605
1613	8.97
1614	9.787
1615	8.322
1616	2.141
1617	1.119
1618	7.814
1619	8.197
1620	5.702
1621	5.443
1622	1.419
1623	3.577
1624	1.835
1625	9.171
1626	0.152
1627	4.541
1628	3.675
1629	0.4051
1630	3.143
1631	1.285
1632	0.1242
1633	4.949
1634	5.66
1635	5.497
1636	4.084
1637	9.883
1638	9.438
1639	7.367
1640	1.575
1641	1.124
1642	9.704
1643	7.961
1644	6.676
1645	2.816
1646	5.627
1647	4.0
1648	1.4
1649	0.9961
1650	8.287
1651	4.035
1652	2.453
1653	3.562
1654	8.441
1655	8.603
1656	5.479
1657	6.752
1658	2.655
1659	9.407
1660	0.6027
1661	0.9707
1662	8.324
1663	8.34
1664	4.059
1665	5.495
1666	4.231
1667	7.979
1668	3.215
1669	3.293
1670	6.561
1671	8.427
1672	0.4771
1673	3.83
1674	8.53
1675	2.033
1676	3.542
1677	3.442
1678	5.824
1679	7.443
1680	4.667
1681	8.631
1682	7.01
1683	1.025
1684	3.69
1685	3.538
1686	2.232
1687	5.279
1688	9.882
1689	0.2286
1690	8.184
1691	0.2811
1692	8.047
1693	1.718
1694	8.667
1695	5.674
1696	0.4064
1697	7.343
1698	5.734
1699	3.848
1700	3.414
1701	7.066
1702	1.405
1703	6.354
1704	2.536
1705	5.499
1706	0.005161
1707	8.421
1708	3.004
1709	2.298
1710	1.318
1711	8.944
1712	0.7941
1713	7.446
1714	7.584
1715	4.298
1716	6.293
1717	0.5388
1718	7.533
1719	5.851
1720	3.82
1721	5.906
1722	3.203
1723	6.246
1724	0.07716
1725	4.208
1726	0.4048
1727	2.304
1728	9.276
1729	9.147
1730	7.767
1731	0.3844
1732	1.354
1733	4.644
1734	3.906
1735	7.437
1736	3.307
1737	5.921
1738	9.122
1739	9.607
1740	9.727
1741	8.902
1742	0.5695
1743	3.707
1744	2.299
1745	9.758
1746	1.493
1747	3.138
1748	6.298
1749	7.032
1750	9.479
1751	9.093
1752	9.343
1753	7.883
1754	1.33
1755	3.776
1756	7.58
1757	9.647
1758	0.6376
1759	5.18
1760	9.89
1761	3.558
1762	1.889
1763	5.469
1764	4.019
1765	1.902
1766	1.285
1767	3.224
1768	0.2552
1769	8.449
1770	6.203
1771	7.734
1772	5.675
1773	7.971
1774	6.13
1775	8.702
1776	7.893
1777	8.433
1778	0.9056
1779	9.214
1780	9.331
1781	7.64
1782	9.366
1783	5.621
1784	9.71
1785	6.638
1786	6.115
1787	6.727
1788	3.692
1789	1.315
1790	1.306
1791	2.3
1792	5.488
1793	1.302
1794	8.437
1795	3.2
1796	3.415
1797	9.562
1798	1.554
1799	1.406
1800	1.544
1801	0.7802
1802	3.309
1803	1.721
1804	2.311
1805	8.548
1806	8.069
1807	0.6315
1808	3.246
1809	1.413
1810	9.585
1811	4.083
1812	6.896
1813	8.438
1814	9.916
1815	1.218
1816	4.27
1817	2.652
1818	4.085
1819	1.912
1820	5.684
1821	2.829
1822	2.818
1823	4.025
1824	3.828
1825	0.5199
1826	2.64
1827	8.668
1828	4.747
1829	5.34
1830	2.614
1831	1.537
1832	6.233
1833	1.735
1834	8.34
1835	5.014
1836	7.073
1837	0.1485
1838	8.691
1839	5.654
1840	1.413
1841	9.125
1842	5.359
1843	2.5
1844	5.235
1845	1.296
1846	7.122
1847	7.816
1848	9.363
1849	6.287
1850	2.855
1851	2.204
1852	3.186
1853	1.502
1854	2.458
1855	6.635
1856	8.291
1857	5.443
1858	3.521
1859	8.783
1860	5.316
1861	5.544
1862	8.57
1863	2.038
1864	7.93
1865	3.163
1866	1.115
1867	9.644
1868	6.41
1869	7.505
1870	4.583
1871	9.61
1872	4.306
1873	5.263
1874	1.352
1875	4.596
1876	3.671
1877	7.461
1878	6.101
1879	2.911
1880	2.089
1881	0.147
1882	2.173
1883	0.8076
1884	9.2
1885	1.359
1886	5.454
1887	8.828
1888	5.918
1889	7.257
1890	5.182
1891	4.128
1892	8.755
1893	8.74
1894	8.387
1895	0.6052
1896	9.438
1897	9.613
1898	1.212
1899	0.4799
1900	4.413
1901	0.2932
1902	0.3519
1903	5.763
1904	5.733
1905	1.235
1906	7.012
1907	4.613
1908	0.3143
1909	2.37
1910	6.08
1911	5.71
1912	1.041
1913	9.964
1914	5.408
1915	3.205
1916	4.926
1917	7.079
1918	9.236
1919	7.536
1920	8.471
1921	7.268
1922	4.118
1923	6.564
1924	5.764
1925	5.149
1926	4.392
1927	1.767
1928	9.168
1929	9.599
1930	7.477
1931	9.585
1932	6.394
1933	9.885
1934	4.096
1935	0.4655
1936	1.99
1937	1.038
1938	0.2132
1939	5.982
1940	5.745
1941	7.915
1942	7.665
1943	9.406
1944	3.154
1945	8.149
1946	1.064
1947	0.0843
1948	9.449
1949	3.686
1950	7.812
1951	4.248
1952	2.108
1953	1.735
1954	7.101
1955	6.102
1956	3.781
1957	2.217
1958	6.67
1959	1.826
1960	8.26
1961	0.3682
1962	9.412
1963	9.305
1964	9.267
1965	0.06757
1966	9.149
1967	8.525
1968	9.887
1969	5.393
1970	6.028
1971	2.325
1972	5.991
1973	8.27
1974	5.143
1975	0.04373
1976	6.149
1977	3.235
1978	2.727
1979	1.318
1980	7.827
1981	7.296
1982	0.3018
1983	2.991
1984	8.395
1985	0.9701
1986	0.2738
1987	8.027
1988	0.08427
1989	6.591
1990	1.3
1991	2.42
1992	1.291
1993	5.094
1994	8.035
1995	2.395
1996	1.474
1997	2.107
1998	1.895
1999	9.878
2000	2.963
2001	1.821
2002	1.272
2003	1.259
2004	3.027
2005	7.328
2006	9.062
2007	8.275
2008	6.464
2009	2.449
2010	2.908
2011	6.863
2012	1.195
2013	9.811
2014	7.049
2015	7.357
2016	9.653
2017	9.287
2018	7.526
2019	0.001771
2020	4.311
2021	3.674
2022	8.615
2023	3.279
2024	1.697
2025	2.75
2026	9.602
2027	1.989
2028	9.217
2029	1.124
2030	1.48
2031	0.8023
2032	0.6867
2033	6.531
2034	3.842
2035	8.61
2036	7.119
2037	0.01664
2038	5.291
2039	1.868
2040	8.503
2041	2.415
2042	7.146
2043	1.651
2044	5.767
2045	2.259
2046	0.2237
2047	1.296
2048	9.944
2049	7.008
2050	9.085
2051	8.457
2052	2.78
2053	7.099
2054	7.217
2055	8.782
2056	1.752
2057	7.045
2058	1.402
2059	4.281
2060	6.439
2061	0.259
2062	1.07
2063	4.735
2064	3.896
2065	1.034
2066	4.704
2067	5.814
2068	6.63
2069	7.036
2070	5.77
2071	4.932
2072	9.126
2073	1.46
2074	3.301
2075	9.749
2076	3.237
2077	7.187
2078	1.769
2079	9.879
2080	5.601
2081	3.001
2082	4.219
2083	7.629
2084	0.882
2085	7.848
2086	6.263
2087	8.093
2088	7.841
2089	7.591
2090	2.391
2091	1.425
2092	4.998
2093	4.174
2094	7.231
2095	2.227
2096	7.602
2097	2.3
2098	4.188
2099	4.799
2100	2.854
2101	4.96
2102	3.289
2103	0.3782
2104	0.7154
2105	9.843
2106	8.912
2107	5.737
2108	6.874
2109	2.433
2110	1.681
2111	4.906
2112	2.427
2113	1.031
2114	4.908
2115	0.05396
2116	1.152
2117	3.887
2118	0.4015
2119	6.95
2120	5.859
2121	7.582
2122	0.5246
2123	6.719
2124	8.172
2125	1.594
2126	5.966
2127	7.037
2128	4.672
2129	8.107
2130	0.2306
2131	5.211
2132	5.93
2133	5.51
2134	1.87
2135	9.854
2136	8.567
2137	7.833
2138	6.851
2139	1.712
2140	7.518
2141	4.066
2142	4.192
2143	0.9395
2144	7.346
2145	6.547
2146	0.2903
2147	0.3616
2148	0.05751
2149	7.727
2150	7.757
2151	1.844
2152	0.4989
2153	0.9458
2154	6.058
2155	7.745
2156	4.1
2157	3.414
2158	7.025
2159	9.363
2160	5.897
2161	1.463
2162	8.334
2163	2.655
2164	2.709
2165	1.355
2166	5.174
2167	9.644
2168	4.769
2169	4.533
2170	8.379
2171	2.875
2172	9.354
2173	3.214
2174	9.892
2175	3.62
2176	2.384
2177	2.4
2178	2.356
2179	6.171
2180	1.169
2181	2.197
2182	4.378
2183	7.753
2184	6.72
2185	9.996
2186	6.951
2187	2.461
2188	4.512
2189	1.462
2190	8.245
2191	2.064
2192	8.756
2193	5.257
2194	3.294
2195	4.447
2196	9.257
2197	9.143
2198	4.521
2199	4.131
2200	6.568
2201	1.199
2202	3.256
2203	6.95
2204	1.085
2205	7.924
2206	3.641
2207	1.502
2208	1.374
2209	2.512
2210	5.255
2211	8.98
2212	4.905
2213	3.694
2214	0.04816
2215	9.954
2216	6.169
2217	3.879
2218	5.697
2219	3.582
2220	9.364
2221	5.284
2222	6.67
2223	0.813
2224	8.253
2225	9.034
2226	7.887
2227	2.423
2228	5.205
2229	9.129
2230	9.747
2231	6.295
2232	3.521
2233	1.508
2234	8.888
2235	9.294
2236	3.587
2237	8.769
2238	9.204
2239	1.206
2240	4.633
2241	0.3294
2242	2.861
2243	5.424
2244	3.884
2245	0.8192
2246	9.57
2247	7.937
2248	4.589
2249	3.701
2250	9.406
2251	3.776
2252	0.9175
2253	6.66
2254	2.95
2255	5.73
2256	9.468
2257	4.943
2258	4.609
2259	6.972
2260	9.206
2261	9.327
2262	5.983
2263	0.5674
2264	0.3669
2265	9.08
2266	0.7035
2267	6.83
2268	2.959
2269	8.884
2270	3.805
2271	3.599
2272	0.6152
2273	5.124
2274	9.052
2275	0.1346
2276	5.952
2277	2.718
2278	1.681
2279	5.806
2280	8.033
2281	6.958
2282	1.296
2283	0.7965
2284	8.157
2285	7.717
2286	2.425
2287	0.09828
2288	6.437
2289	0.5254
2290	8.063
2291	9.555
2292	3.153
2293	7.234
2294	3.157
2295	9.387
2296	1.125
2297	2.814
2298	1.905
2299	0.007327
2300	6.336
2301	8.661
2302	4.942
2303	3.398
2304	8.604
2305	7.632
2306	3.92
2307	1.746
2308	0.8811
2309	4.985
2310	0.73
2311	0.71
2312	3.942
2313	2.917
2314	4.992
2315	0.903
2316	1.708
2317	9.519
2318	2.965
2319	4.979
2320	5.699
2321	8.631
2322	6.916
2323	0.315
2324	2.514
2325	9.306
2326	2.537
2327	2.352
2328	3.164
2329	6.16
2330	1.001
2331	5.451
2332	9.705
2333	5.874
2334	0.9168
2335	5.255
2336	6.012
2337	2.189
2338	6.323
2339	1.79
2340	0.5412
2341	5.519
2342	8.231
2343	1.929
2344	3.714
2345	7.538
2346	4.79
2347	3.598
2348	7.11
2349	9.757
2350	7.123
2351	1.719
2352	8.577
2353	2.894
2354	9.505
2355	2.476
2356	1.851
2357	0.9125
2358	5.354
2359	3.781
2360	0.3163
2361	6.013
2362	3.177
2363	7.213
2364	0.3539
2365	2.766
2366	8.038
2367	3.512
2368	7.186
2369	7.433
2370	8.081
2371	7.942
2372	7.805
2373	0.836
2374	2.169
2375	0.6553
2376	1.841
2377	8.629
2378	4.917
2379	4.006
2380	6.483
2381	8.155
2382	1.355
2383	6.117
2384	8.693
2385	1.705
2386	1.914
2387	2.272
2388	1.857
2389	7.149
2390	4.573
2391	1.128
2392	0.7745
2393	2.913
2394	5.987
2395	2.799
2396	9.728
2397	7.68
2398	0.01415
2399	6.666
2400	2.291
2401	0.9482
2402	7.104
2403	2.349
2404	0.1972
2405	7.574
2406	2.463
2407	2.165
2408	8.76
2409	6.976
2410	6.164
2411	9.151
2412	2.157
2413	6.096
2414	5.953
2415	1.968
2416	4.718
2417	0.7399
2418	1.115
2419	1.107
2420	0.9821
2421	0.2377
2422	9.373
2423	9.696
2424	1.088
2425	9.634
2426	9.944
2427	1.452
2428	6.152
2429	3.097
2430	9.595
2431	2.281
2432	5.49
2433	5.437
2434	9.807
2435	3.908
2436	9.263
2437	4.316
2438	4.846
2439	2.164
2440	6.491
2441	6.707
2442	1.452
2443	7.604
2444	7.305
2445	9.77
2446	3.431
2447	9.753
2448	0.9032
2449	2.349
2450	1.417
2451	5.701
2452	1.714
2453	2.816
2454	6.24
2455	3.147
2456	5.311
2457	3.568
2458	5.278
2459	7.889
2460	7.893
2461	0.05773
2462	9.227
2463	3.386
2464	0.1557
2465	8.302
2466	2.482
2467	0.009495
2468	0.4451
2469	5.879
2470	6.937
2471	9.584
2472	9.158
2473	1.452
2474	7.258
2475	2.423
2476	0.7397
2477	1.45
2478	8.217
2479	7.716
2480	2.69
2481	5.324
2482	9.184
2483	8.144
2484	9.335
2485	5.349
2486	2.062
2487	8.997
2488	6.743
2489	9.449
2490	2.002
2491	0.1047
2492	3.821
2493	7.293
2494	9.157
2495	6.713
2496	3.66
2497	7.664
2498	5.843
2499	4.872
2500	7.778
2501	8.25
2502	3.094
2503	7.91
2504	6.583
2505	8.343
2506	5.333
2507	2.557
2508	7.442
2509	8.883
2510	8.524
2511	0.1886
2512	6.199
2513	1.909
2514	9.969
2515	4.201
2516	0.5043
2517	8.064
2518	4.705
2519	1.229
2520	1.948
2521	0.07603
2522	7.624
2523	9.195
2524	2.5
2525	3.635
2526	1.149
2527	8.062
2528	5.109
2529	4.204
2530	1.837
2531	8.52
2532	6.425
2533	5.191
2534	4.21
2535	9.265
2536	9.078
2537	2.274
2538	9.729
2539	2.443
2540	8.244
2541	5.678
2542	5.05
2543	5.533
2544	6.831
2545	3.678
2546	1.361
2547	8.099
2548	1.367
2549	6.555
2550	1.779
2551	8.978
2552	4.253
2553	5.795
2554	3.862
2555	1.244
2556	5.536
2557	7.333
2558	1.121
2559	5.013
2560	5.217
2561	8.094
2562	2.284
2563	7.386
2564	0.8487
2565	9.748
2566	3.033
2567	1.8
2568	8.252
2569	3.805
2570	2.606
2571	0.8836
2572	7.367
2573	1.142
2574	9.46
2575	6.886
2576	5.177
2577	6.342
2578	8.212
2579	2.345
2580	4.104
2581	7.587
2582	6.453
2583	3.672
2584	7.106
2585	5.776
2586	4.792
2587	2.795
2588	1.236
2589	2.352
2590	1.728
2591	3.351
2592	7.656
2593	3.507
2594	5.3
2595	9.039
2596	1.622
2597	8.672
2598	5.278
2599	9.867
2600	4.991
2601	3.544
2602	9.608
2603	3.347
2604	3.503
2605	3.301
2606	0.5972
2607	8.769
2608	4.367
2609	1.109
2610	4.628
2611	3.308
2612	5.478
2613	5.088
2614	7.724
2615	5.676
2616	7.399
2617	9.262
2618	8.201
2619	7.97
2620	7.974
2621	4.8
2622	1.02
2623	5.02
2624	0.43
2625	5.235
2626	6.315
2627	2.03
2628	8.042
2629	9.326
2630	6.004
2631	3.253
2632	4.936
2633	5.831
2634	3.151
2635	3.29
2636	3.391
2637	4.097
2638	4.272
2639	7.843
2640	7.567
2641	0.1654
2642	4.151
2643	1.131
2644	2.571
2645	4.109
2646	6.083
2647	1.73
2648	8.472
2649	1.38
2650	1.71
2651	2.968
2652	6.72
2653	3.672
2654	0.5439
2655	5.102
2656	6.466
2657	0.6664
2658	7.756
2659	8.668
2660	6.042
2661	1.602
2662	2.687
2663	7.337
2664	6.972
2665	3.265
2666	6.34
2667	9.59
2668	6.794
2669	2.415
2670	7.059
2671	4.191
2672	1.56
2673	2.138
2674	1.452
2675	1.825
2676	4.238
2677	5.27
2678	1.035
2679	3.285
2680	4.661
2681	7.955
2682	1.024
2683	3.8
2684	0.4273
2685	3.419
2686	1.497
2687	9.284
2688	4.399
2689	0.2177
2690	1.664
2691	5.242
2692	3.947
2693	6.891
2694	9.218
2695	2.334
2696	1.847
2697	6.493
2698	3.213
2699	4.204
2700	1.33
2701	5.426
2702	8.775
2703	3.726
2704	9.013
2705	8.817
2706	5.256
2707	0.6248
2708	2.168
2709	6.298
2710	6.672
2711	1.406
2712	4.711
2713	4.722
2714	7.63
2715	3.514
2716	1.901
2717	4.073
2718	8.196
2719	5.192
2720	4.821
2721	4.774
2722	0.4441
2723	1.296
2724	8.281
2725	6.785
2726	4.301
2727	4.475
2728	6.959
2729	0.9909
2730	7.283
2731	1.775
2732	9.159
2733	7.768
2734	9.24
2735	9.689
2736	9.459
2737	5.306
2738	9.215
2739	4.983
2740	1.103
2741	8.537
2742	6.922
2743	5.101
2744	7.562
2745	5.868
2746	0.01502
2747	1.693
2748	6.465
2749	2.23
2750	9.463
2751	0.7744
2752	5.155
2753	6.275
2754	5.293
2755	6.831
2756	6.769
2757	7.57
2758	0.1782
2759	5.474
2760	4.023
2761	9.651
2762	6.639
2763	5.437
2764	7.225
2765	5.943
2766	1.12
2767	5.625
2768	9.176
2769	2.012
2770	7.029
2771	6.007
2772	0.591
2773	9.281
2774	7.157
2775	0.09333
2776	3.59
2777	7.59
2778	2.581
2779	1.805
2780	0.6143
2781	7.175
2782	3.918
2783	6.955
2784	6.058
2785	7.688
2786	1.86
2787	7.826
2788	6.593
2789	5.927
2790	5.629
2791	9.146
2792	7.047
2793	7.136
2794	0.5943
2795	9.827
2796	3.092
2797	8.378
2798	5.489
2799	6.242
2800	1.041
2801	3.271
2802	8.637
2803	6.448
2804	8.511
2805	3.147
2806	7.616
2807	2.554
2808	0.136
2809	1.019
2810	2.769
2811	6.766
2812	8.129
2813	8.372
2814	2.351
2815	9.892
2816	6.0
2817	8.852
2818	0.4342
2819	9.217
2820	5.016
2821	8.087
2822	6.428
2823	7.204
2824	3.55
2825	9.803
2826	4.59
2827	2.25
2828	9.922
2829	9.154
2830	5.991
2831	4.319
2832	9.31
2833	2.396
2834	0.9426
2835	1.709
2836	9.281
2837	6.833
2838	9.062
2839	5.861
2840	1.228
2841	7.089
2842	4.611
2843	3.054
2844	3.973
2845	4.719
2846	3.964
2847	8.803
2848	5.078
2849	7.424
2850	8.857
2851	3.927
2852	2.191
2853	9.214
2854	9.241
2855	7.844
2856	6.129
2857	8.004
2858	9.343
2859	9.479
2860	2.384
2861	6.573
2862	4.813
2863	7.642
2864	5.285
2865	1.624
2866	4.411
2867	1.512
2868	5.167
2869	3.099
2870	3.323
2871	7.159
2872	1.076
2873	0.8236
2874	0.006191
2875	3.135
2876	4.543
2877	9.613
2878	5.534
2879	4.604
2880	1.27
2881	0.7561
2882	0.3401
2883	0.9574
2884	0.9647
2885	6.982
2886	7.987
2887	5.0
2888	2.946
2889	3.326
2890	4.692
2891	2.584
2892	4.454
2893	9.382
2894	1.704
2895	1.362
2896	6.873
2897	2.282
2898	6.413
2899	4.445
2900	6.961
2901	0.7028
2902	8.363
2903	2.803
2904	6.29
2905	6.094
2906	9.268
2907	5.861
2908	9.157
2909	5.35
2910	6.069
2911	1.85
2912	3.21
2913	4.804
2914	3.573
2915	4.013
2916	1.873
2917	5.166
2918	6.01
2919	1.436
2920	9.569
2921	8.9
2922	0.7579
2923	6.921
2924	5.228
2925	3.13
2926	3.924
2927	6.833
2928	2.735
2929	4.047
2930	2.745
2931	1.22
2932	8.301
2933	6.93
2934	2.103
2935	4.612
2936	9.165
2937	7.618
2938	6.829
2939	6.875
2940	1.988
2941	4.001
2942	9.733
2943	1.587
2944	0.8485
2945	9.647
2946	4.111
2947	9.007
2948	1.794
2949	1.566
2950	3.611
2951	2.803
2952	1.897
2953	0.3147
2954	3.707
2955	6.052
2956	6.115
2957	8.443
2958	7.169
2959	9.092
2960	9.926
2961	1.63
2962	1.048
2963	7.359
2964	2.445
2965	8.018
2966	4.01
2967	5.192
2968	2.595
2969	4.629
2970	8.42
2971	4.723
2972	8.521
2973	2.371
2974	5.715
2975	5.034
2976	0.4746
2977	8.52
2978	9.307
2979	5.258
2980	8.231
2981	1.768
2982	8.375
2983	2.244
2984	2.044
2985	8.004
2986	3.42
2987	2.515
2988	1.403
2989	8.14
2990	1.341
2991	3.321
2992	4.389
2993	3.745
2994	2.454
2995	1.4
2996	0.437
2997	2.83
2998	5.156
2999	8.352
3000	0.177
3001	2.605
3002	7.05
3003	5.335
3004	2.59
3005	6.197
3006	7.305
3007	7.391
3008	1.711
3009	6.853
3010	1.207
3011	4.164
3012	3.733
3013	2.581
3014	4.582
3015	2.974
3016	7.49
3017	8.627
3018	5.224
3019	7.384
3020	1.394
3021	4.837
3022	7.816
3023	6.745
3024	5.801
3025	5.374
3026	4.039
3027	9.556
3028	7.622
3029	1.679
3030	4.951
3031	1.789
3032	0.652
3033	7.834
3034	9.252
3035	1.521
3036	8.441
3037	4.588
3038	0.5665
3039	5.865
3040	4.476
3041	8.08
3042	9.368
3043	1.361
3044	6.75
3045	3.229
3046	2.588
3047	7.875
3048	1.615
3049	6.782
3050	0.4696
3051	2.179
3052	6.084
3053	8.87
3054	5.716
3055	6.149
3056	8.498
3057	3.062
3058	0.9774
3059	4.908
3060	7.009
3061	7.747
3062	8.927
3063	9.573
3064	6.76
3065	0.9981
3066	5.501
3067	9.396
3068	0.6174
3069	6.973
3070	6.217
3071	2.729
3072	0.09896
3073	4.52
3074	4.342
3075	9.227
3076	9.767
3077	6.484
3078	7.809
3079	9.817
3080	6.183
3081	6.812
3082	7.62
3083	0.04666
3084	7.711
3085	7.723
3086	1.941
3087	5.074
3088	4.56
3089	4.843
3090	9.057
3091	4.323
3092	3.603
3093	9.062
3094	4.237
3095	1.293
3096	4.166
3097	7.27
3098	4.371
3099	5.98
3100	7.094
3101	4.517
3102	7.152
3103	5.136
3104	1.325
3105	9.161
3106	2.351
3107	5.498
3108	7.463
3109	4.81
3110	3.282
3111	2.571
3112	5.208
3113	2.88
3114	3.377
3115	1.289
3116	1.524
3117	2.151
3118	3.742
3119	7.539
3120	6.511
3121	9.69
3122	2.012
3123	1.531
3124	1.011
3125	2.5
3126	6.763
3127	7.139
3128	9.63
3129	3.153
3130	1.85
3131	5.455
3132	3.739
3133	2.896
3134	1.106
3135	8.943
3136	6.96
3137	5.811
3138	1.878
3139	8.299
3140	8.6
3141	3.67
3142	1.483
3143	6.674
3144	5.199
3145	0.2937
3146	0.2679
3147	8.227
3148	6.14
3149	3.831
3150	5.98
3151	2.82
3152	7.885
3153	7.162
3154	1.083
3155	8.343
3156	8.683
3157	2.581
3158	5.723
3159	9.422
3160	6.257
3161	7.726
3162	2.091
3163	6.967
3164	2.147
3165	8.747
3166	0.5945
3167	0.8127
3168	4.031
3169	1.786
3170	5.621
3171	4.565
3172	2.353
3173	6.313
3174	1.614
3175	6.952
3176	8.407
3177	3.172
3178	7.741
3179	6.083
3180	7.327
3181	5.835
3182	6.07
3183	5.258
3184	8.656
3185	2.328
3186	5.255
3187	1.277
3188	6.539
3189	1.13
3190	6.759
3191	3.542
3192	1.621
3193	5.294
3194	9.48
3195	8.807
3196	1.197
3197	2.555
3198	8.731
3199	5.049
3200	6.146
3201	3.611
3202	1.962
3203	7.192
3204	0.1785
3205	2.834
3206	6.539
3207	6.237
3208	4.293
3209	0.5632
3210	6.583
3211	0.5524
3212	0.2837
3213	9.787
3214	1.483
3215	5.266
3216	4.275
3217	3.649
3218	0.278
3219	4.93
3220	7.945
3221	4.479
3222	7.504
3223	9.25
3224	7.688
3225	1.151
3226	1.943
3227	8.114
3228	3.975
3229	4.391
3230	5.248
3231	0.05165
3232	4.081
3233	5.449
3234	8.464
3235	9.572
3236	7.431
3237	3.599
3238	6.792
3239	1.908
3240	9.569
3241	7.198
3242	2.77
3243	5.329
3244	8.861
3245	3.323
3246	7.762
3247	3.129
3248	4.791
3249	1.396
3250	4.559
3251	6.183
3252	8.948
3253	4.408
3254	7.187
3255	1.742
3256	1.204
3257	6.58
3258	9.451
3259	9.602
3260	1.331
3261	0.8848
3262	8.937
3263	9.417
3264	8.027
3265	6.325
3266	6.016
3267	4.479
3268	1.406
3269	2.507
3270	5.644
3271	1.204
3272	2.226
3273	8.488
3274	6.319
3275	1.909
3276	8.837
3277	4.374
3278	5.103
3279	7.317
3280	9.319
3281	8.497
3282	9.171
3283	3.105
3284	2.922
3285	0.642
3286	8.572
3287	6.759
3288	5.256
3289	4.997
3290	0.8201
3291	6.56
3292	7.449
3293	2.296
3294	2.016
3295	9.361
3296	2.472
3297	0.01169
3298	3.409
3299	7.75
3300	0.8708
3301	9.729
3302	2.015
3303	5.485
3304	9.328
3305	6.968
3306	7.248
3307	9.672
3308	5.572
3309	8.971
3310	4.831
3311	0.9319
3312	1.727
3313	7.053
3314	8.561
3315	6.675
3316	9.878
3317	5.696
3318	1.53
3319	5.118
3320	2.508
3321	9.504
3322	2.338
3323	5.504
3324	6.679
3325	5.229
3326	7.767
3327	0.6226
3328	8.945
3329	9.194
3330	9.899
3331	9.167
3332	7.311
3333	9.392
3334	5.402
3335	7.06
3336	4.432
3337	6.493
3338	9.191
3339	6.849
3340	4.294
3341	0.1798
3342	0.2082
3343	6.354
3344	9.528
3345	6.542
3346	5.13
3347	6.361
3348	4.743
3349	3.133
3350	8.143
3351	9.881
3352	2.469
3353	6.659
3354	0.5236
3355	3.196
3356	9.918
3357	0.9346
3358	1.675
3359	0.932
3360	3.85
3361	3.809
3362	1.04
3363	6.147
3364	6.39
3365	3.959
3366	6.431
3367	1.136
3368	2.335
3369	0.6397
3370	9.684
3371	4.492
3372	8.032
3373	9.36
3374	2.242
3375	7.57
3376	6.073
3377	0.09668
3378	6.415
3379	0.4481
3380	6.219
3381	5.63
3382	4.576
3383	3.697
3384	9.593
3385	0.9111
3386	1.856
3387	9.078
3388	7.647
3389	8.313
3390	4.948
3391	8.799
3392	3.299
3393	4.989
3394	7.22
3395	1.286
3396	6.512
3397	0.2098
3398	7.33
3399	1.711
3400	2.666
3401	7.275
3402	2.942
3403	3.858
3404	4.136
3405	0.1453
3406	2.923
3407	4.152
3408	4.697
3409	0.6691
3410	9.64
3411	1.061
3412	5.958
3413	5.992
3414	1.559
3415	4.449
3416	2.184
3417	9.533
3418	5.058
3419	4.455
3420	6.363
3421	7.938
3422	0.8011
3423	9.243
3424	1.666
3425	3.64
3426	6.341
3427	3.629
3428	6.089
3429	6.762
3430	6.856
3431	6.375
3432	4.057
3433	1.651
3434	5.118
3435	9.968
3436	3.606
3437	6.82
3438	4.686
3439	7.986
3440	2.123
3441	1.894
3442	4.08
3443	2.035
3444	6.609
3445	3.654
3446	1.336
3447	0.05605
3448	3.084
3449	2.909
3450	6.869
3451	8.532
3452	1.461
3453	8.513
3454	2.392
3455	4.667
3456	8.184
3457	0.02785
3458	1.441
3459	5.59
3460	3.197
3461	3.157
3462	8.879
3463	9.68
3464	7.592
3465	4.942
3466	6.54
3467	1.998
3468	4.377
3469	6.588
3470	2.844
3471	7.37
3472	9.276
3473	0.7479
3474	0.375
3475	7.217
3476	2.064
3477	7.644
3478	8.146
3479	5.737
3480	0.1302
3481	7.226
3482	8.14
3483	9.607
3484	5.919
3485	8.091
3486	5.349
3487	4.132
3488	2.203
3489	8.094
3490	1.366
3491	2.777
3492	9.781
3493	4.364
3494	7.88
3495	6.129
3496	3.306
3497	4.467
3498	1.008
3499	0.6098
3500	4.027
3501	4.121
3502	0.9211
3503	8.564
3504	8.674
3505	7.129
3506	9.71
3507	4.062
3508	2.414
3509	6.07
3510	9.535
3511	0.7672
3512	3.263
3513	2.613
3514	5.218
3515	1.973
3516	3.054
3517	9.803
3518	2.678
3519	2.611
3520	3.375
3521	5.174
3522	7.235
3523	3.156
3524	0.3477
3525	1.102
3526	9.019
3527	6.22
3528	0.4493
3529	4.206
3530	4.013
3531	9.234
3532	0.3966
3533	0.05507
3534	3.268
3535	0.7145
3536	8.328
3537	4.623
3538	9.317
3539	5.856
3540	1.716
3541	0.7854
3542	2.466
3543	4.878
3544	0.9081
3545	3.913
3546	3.355
3547	8.592
3548	8.493
3549	2.183
3550	1.257
3551	5.944
3552	2.057
3553	4.019
3554	4.53
3555	2.98
3556	2.807
3557	1.286
3558	5.574
3559	4.476
3560	5.473
3561	1.391
3562	2.723
3563	9.668
3564	9.163
3565	4.775
3566	8.85
3567	2.391
3568	3.496
3569	4.736
3570	5.859
3571	2.198
3572	5.844
3573	6.123
3574	8.247
3575	4.297
3576	9.119
3577	6.083
3578	0.9197
3579	8.512
3580	1.466
3581	8.609
3582	4.234
3583	7.887
3584	2.324
3585	2.728
3586	5.714
3587	7.89
3588	9.661
3589	2.08
3590	2.195
3591	2.095
3592	3.147
3593	0.1372
3594	1.868
3595	3.894
3596	4.523
3597	6.12
3598	3.971
3599	3.066
3600	7.297
3601	5.663
3602	7.58
3603	6.094
3604	7.932
3605	7.132
3606	0.9091
3607	6.203
3608	1.363
3609	2.149
3610	2.448
3611	5.825
3612	3.952
3613	4.172
3614	3.107
3615	1.506
3616	2.642
3617	9.752
3618	5.1
3619	5.138
3620	0.9972
3621	3.331
3622	1.766
3623	6.356
3624	5.121
3625	0.919
3626	3.903
3627	0.8109
3628	4.448
3629	2.564
3630	4.968
3631	1.277
3632	4.248
3633	1.884
3634	0.2413
3635	8.028
3636	4.558
3637	9.169
3638	8.436
3639	1.799
3640	9.784
3641	5.459
3642	0.9726
3643	8.513
3644	5.661
3645	1.601
3646	6.008
3647	3.248
3648	7.964
3649	8.066
3650	6.545
3651	2.312
3652	9.192
3653	7.952
3654	1.826
3655	6.49
3656	8.808
3657	3.539
3658	3.416
3659	8.977
3660	6.291
3661	1.228
3662	0.1391
3663	2.794
3664	9.979
3665	1.209
3666	3.652
3667	4.815
3668	1.483
3669	2.831
3670	4.534
3671	5.904
3672	3.99
3673	1.642
3674	4.91
3675	1.825
3676	1.492
3677	9.918
3678	1.79
3679	5.584
3680	2.323
3681	9.764
3682	8.74
3683	6.492
3684	5.944
3685	2.171
3686	5.35
3687	1.258
3688	7.814
3689	3.875
3690	8.248
3691	7.033
3692	6.901
3693	1.786
3694	7.089
3695	8.668
3696	7.395
3697	0.2129
3698	5.938
3699	5.503
3700	3.468
3701	0.1168
3702	1.696
3703	9.974
3704	9.638
3705	4.634
3706	8.405
3707	8.8
3708	1.966
3709	1.851
3710	3.989
3711	5.491
3712	8.614
3713	1.986
3714	6.655
3715	3.948
3716	6.461
3717	7.354
3718	9.705
3719	5.5
3720	4.003
3721	2.259
3722	2.264
3723	6.369
3724	0.9139
3725	2.432
3726	6.256
3727	1.795
3728	8.668
3729	3.767
3730	9.111
3731	5.651
3732	5.196
3733	0.1343
3734	1.846
3735	9.356
3736	2.94
3737	4.631
3738	4.705
3739	7.384
3740	8.47
3741	8.648
3742	2.736
3743	2.434
3744	8.795
3745	4.906
3746	9.272
3747	5.125
3748	3.245
3749	8.366
3750	1.032
3751	2.075
3752	8.377
3753	5.5
3754	3.751
3755	8.75
3756	1.201
3757	0.6125
3758	2.593
3759	2.985
3760	3.588
3761	9.751
3762	1.365
3763	8.557
3764	6.047
3765	7.967
3766	0.7334
3767	5.221
3768	6.554
3769	1.152
3770	8.987
3771	2.499
3772	9.499
3773	6.178
3774	7.64
3775	2.625
3776	6.822
3777	7.685
3778	0.3569
3779	8.156
3780	5.218
3781	4.272
3782	7.49
3783	5.212
3784	7.503
3785	3.744
3786	1.807
3787	0.5198
3788	4.471
3789	7.22
3790	1.551
3791	0.2587
3792	7.842
3793	8.568
3794	2.884
3795	7.179
3796	6.044
3797	9.07
3798	2.021
3799	9.21
3800	0.9424
3801	6.721
3802	9.062
3803	8.629
3804	9.133
3805	6.848
3806	3.973
3807	7.27
3808	4.883
3809	7.813
3810	5.581
3811	3.03
3812	6.409
3813	6.648
3814	2.441
3815	9.168
3816	6.026
3817	8.226
3818	9.415
3819	2.673
3820	3.242
3821	2.544
3822	0.9193
3823	9.118
3824	4.099
3825	2.108
3826	7.305
3827	4.113
3828	0.4967
3829	8.529
3830	4.921
3831	3.788
3832	9.411
3833	3.077
3834	8.903
3835	4.427
3836	0.06243
3837	5.892
3838	9.25
3839	4.681
3840	1.788
3841	2.634
3842	8.651
3843	4.04
3844	9.461
3845	9.704
3846	2.095
3847	1.785
3848	3.002
3849	2.236
3850	3.797
3851	2.242
3852	6.59
3853	4.187
3854	5.345
3855	4.702
3856	8.974
3857	3.086
3858	0.9531
3859	8.946
3860	5.161
3861	3.531
3862	5.549
3863	3.077
3864	5.132
3865	3.939
3866	8.358
3867	5.851
3868	8.908
3869	9.362
3870	9.42
3871	4.189
3872	4.174
3873	6.68
3874	4.811
3875	4.863
3876	5.179
3877	9.814
3878	3.533
3879	3.406
3880	4.493
3881	7.565
3882	8.01
3883	1.703
3884	8.46
3885	0.5942
3886	7.31
3887	1.783
3888	9.08
3889	5.376
3890	4.961
3891	9.191
3892	0.4434
3893	3.384
3894	3.168
3895	1.847
3896	9.251
3897	7.688
3898	1.525
3899	2.128
3900	7.217
3901	9.921
3902	1.009
3903	9.487
3904	5.14
3905	3.238
3906	2.596
3907	7.623
3908	5.509
3909	0.322
3910	1.836
3911	9.552
3912	6.68
3913	3.725
3914	6.655
3915	7.997
3916	7.801
3917	8.275
3918	8.983
3919	0.7852
3920	8.086
3921	7.692
3922	7.345
3923	4.59
3924	5.634
3925	2.512
3926	6.183
3927	0.126
3928	2.162
3929	9.472
3930	2.703
3931	2.323
3932	2.637
3933	3.219
3934	6.106
3935	3.99
3936	9.856
3937	7.558
3938	3.461
3939	8.009
3940	4.559
3941	1.86
3942	5.409
3943	1.25
3944	6.193
3945	2.902
3946	1.978
3947	2.826
3948	2.542
3949	4.891
3950	2.111
3951	2.808
3952	3.974
3953	8.478
3954	8.612
3955	3.963
3956	8.167
3957	9.638
3958	4.066
3959	5.338
3960	1.95
3961	8.287
3962	0.5016
3963	0.9883
3964	2.903
3965	8.71
3966	4.776
3967	5.64
3968	8.107
3969	0.8436
3970	3.432
3971	5.267
3972	5.976
3973	5.942
3974	4.821
3975	2.561
3976	3.34
3977	5.768
3978	6.394
3979	7.752
3980	2.399
3981	3.164
3982	2.915
3983	3.951
3984	5.256
3985	9.748
3986	0.1891
3987	9.239
3988	4.938
3989	9.631
3990	4.42
3991	1.839
3992	7.628
3993	3.961
3994	3.219
3995	1.043
3996	7.705
3997	3.886
3998	2.979
3999	3.105
4000	0.7749
4001	4.392
