2	5.547
3	4.47
4	6.953
5	1.224
6	6.782
7	0.2762
8	6.529
9	2.274
10	4.152
11	6.011
12	6.651
13	3.462
14	0.8008
15	0.9723
16	6.965
17	9.285
18	5.095
19	6.06
20	6.97
21	1.516
22	3.955
23	4.422
24	8.955
25	7.083
26	5.405
27	2.85
28	4.401
29	6.485
30	5.935
31	7.303
32	2.588
33	7.721
34	0.4055
35	5.761
36	0.223
37	6.089
38	7.827
39	7.99
40	2.626
41	5.523
42	9.964
43	9.512
44	4.184
45	4.956
46	7.699
47	5.144
48	2.152
49	1.678
50	3.603
51	1.067
52	6.124
53	7.415
54	9.776
55	2.144
56	0.731
57	7.826
58	4.199
59	9.521
60	5.077
61	3.896
62	0.2053
63	7.217
64	9.734
65	9.58
66	1.567
67	4.917
68	4.256
69	4.722
70	6.836
71	3.351
72	4.312
73	3.999
74	1.444
75	0.5819
76	7.928
77	0.7789
78	8.733
79	0.3255
80	2.115
81	7.111
82	2.603
83	3.447
84	2.237
85	7.001
86	6.261
87	9.448
88	4.256
89	8.739
90	1.793
91	1.725
92	0.6643
93	3.246
94	0.9237
95	2.945
96	5.098
97	9.103
98	7.228
99	0.7616
100	4.453
101	9.463
102	0.4534
103	4.25
104	7.742
105	0.2406
106	1.35
107	3.844
108	2.766
109	6.253
110	6.871
111	1.546
112	3.898
113	8.157
114	9.818
115	6.738
116	4.146
117	3.7
118	3.585
119	2.403
120	0.9461
121	7.171
122	6.552
123	7.312
124	0.01568
125	3.485
126	6.825
127	1.745
128	9.628
129	3.723
130	3.862
131	7.765
132	1.3
133	1.24
134	3.51
135	7.745
136	2.013
137	1.068
138	4.341
139	4.769
140	3.329
141	2.85
142	5.235
143	6.449
144	6.766
145	9.77
146	4.458
147	8.457
148	5.34
149	3.257
150	9.639
151	2.805
152	2.187
153	8.59
154	4.293
155	4.748
156	5.98
157	5.434
158	4.869
159	0.1736
160	6.938
161	1.224
162	6.803
163	3.507
164	4.281
165	3.614
166	3.564
167	4.827
168	5.177
169	1.677
170	2.072
171	9.933
172	8.109
173	7.222
174	5.953
175	7.512
176	9.231
177	5.38
178	6.268
179	0.7156
180	9.527
181	9.878
182	5.556
183	8.788
184	5.25
185	2.861
186	5.394
187	3.89
188	9.466
189	8.684
190	8.424
191	3.499
192	9.694
193	3.008
194	1.644
195	9.545
196	2.131
197	3.11
198	2.285
199	0.6254
200	4.671
201	4.097
202	8.212
203	6.812
204	0.4626
205	4.435
206	5.797
207	3.192
208	7.42
209	7.69
210	3.179
211	5.64
212	4.361
213	1.74
214	9.745
215	0.05975
216	4.823
217	1.351
218	2.77
219	7.934
220	9.879
221	1.417
222	8.569
223	7.473
224	7.76
225	9.148
226	6.676
227	9.14
228	6.287
229	1.673
230	4.401
231	6.99
232	0.2165
233	5.371
234	9.244
235	9.925
236	2.721
237	8.764
238	2.7
239	2.66
240	4.55
241	8.765
242	8.764
243	4.596
244	6.811
245	7.36
246	4.497
247	8.66
248	2.022
249	6.528
250	0.1643
251	7.4
252	0.7865
253	6.987
254	4.28
255	8.203
256	6.211
257	7.734
258	0.963
259	0.1045
260	2.11
261	5.062
262	4.596
263	9.108
264	9.786
265	9.06
266	4.415
267	3.594
268	4.194
269	5.125
270	5.595
271	2.61
272	9.444
273	4.571
274	6.745
275	1.666
276	1.888
277	0.9605
278	1.872
279	9.107
280	3.19
281	5.825
282	2.725
283	0.1832
284	6.813
285	0.04044
286	3.152
287	4.725
288	3.425
289	8.082
290	2.436
291	3.04
292	0.2428
293	4.536
294	6.527
295	8.679
296	3.668
297	7.647
298	7.324
299	8.695
300	6.456
301	3.953
302	7.784
303	7.842
304	8.396
305	1.838
306	3.968
307	9.696
308	2.806
309	0.269
310	0.2929
311	5.16
312	9.888
313	6.688
314	0.8753
315	3.403
316	9.504
317	4.899
318	1.893
319	1.167
320	9.707
321	1.016
322	2.338
323	1.574
324	1.607
325	3.295
326	7.849
327	8.485
328	6.409
329	8.898
330	6.032
331	3.129
332	0.1206
333	2.43
334	8.573
335	5.023
336	5.366
337	7.426
338	7.993
339	6.902
340	0.4346
341	5.705
342	0.5768
343	9.016
344	8.567
345	5.472
346	3.09
347	4.395
348	6.094
349	9.469
350	0.8346
351	5.499
352	8.519
353	6.754
354	9.912
355	7.275
356	3.625
357	4.818
358	2.576
359	2.289
360	3.787
361	9.635
362	8.744
363	2.96
364	6.724
365	6.299
366	1.397
367	2.759
368	0.05328
369	9.859
370	5.491
371	0.02975
372	6.08
373	1.436
374	1.503
375	3.83
376	1.338
377	7.559
378	1.527
379	0.5868
380	5.143
381	0.8977
382	2.242
383	6.827
384	6.258
385	5.549
386	3.814
387	2.687
388	7.549
389	5.399
390	3.571
391	1.445
392	2.478
393	6.149
394	6.211
395	5.571
396	2.818
397	4.98
398	4.171
399	3.305
400	3.418
401	4.852
402	6.164
403	4.789
404	6.93
405	3.782
406	0.1592
407	6.738
408	5.366
409	9.281
410	6.342
411	3.295
412	5.882
413	3.723
414	8.318
415	1.641
416	0.6192
417	0.3798
418	1.131
419	0.3171
420	4.033
421	3.307
422	3.561
423	6.329
424	2.172
425	2.085
426	4.889
427	5.111
428	6.821
429	8.01
430	4.125
431	5.762
432	7.334
433	8.495
434	6.652
435	0.2262
436	2.194
437	8.445
438	5.683
439	0.3686
440	6.937
441	8.948
442	1.809
443	0.2808
444	5.246
445	0.7448
446	6.669
447	9.118
448	2.119
449	7.318
450	3.734
451	8.393
452	9.716
453	7.774
454	2.068
455	2.813
456	7.787
457	6.058
458	9.201
459	2.133
460	5.227
461	0.618
462	0.3053
463	9.973
464	9.286
465	4.855
466	5.409
467	7.905
468	6.231
469	2.886
470	6.345
471	9.243
472	8.866
473	6.726
474	6.807
475	9.372
476	4.528
477	1.658
478	6.833
479	5.898
480	6.42
481	5.42
482	1.692
483	4.743
484	6.77
485	6.474
486	3.65
487	3.087
488	0.8541
489	5.526
490	3.801
491	3.771
492	0.1091
493	3.358
494	0.9807
495	4.615
496	6.365
497	0.4989
498	0.1389
499	5.211
500	0.2599
501	4.313
502	0.6922
503	9.549
504	2.847
505	0.08425
506	6.757
507	8.144
508	9.392
509	8.448
510	3.7
511	8.163
512	9.119
513	0.7601
514	2.777
515	3.141
516	9.361
517	1.249
518	8.056
519	9.801
520	0.8387
521	8.611
522	6.255
523	8.506
524	0.01369
525	4.83
526	3.413
527	8.265
528	1.116
529	3.251
530	6.2
531	2.252
532	7.784
533	6.508
534	4.416
535	5.344
536	9.588
537	1.186
538	9.193
539	3.676
540	9.073
541	1.001
542	2.613
543	2.041
544	4.173
545	0.6664
546	8.305
547	3.317
548	8.326
549	4.517
550	7.691
551	2.267
552	5.561
553	7.982
554	0.05178
555	0.2376
556	1.807
557	7.064
558	3.817
559	9.262
560	0.9643
561	9.72
562	9.277
563	4.227
564	2.753
565	0.02291
566	1.054
567	6.683
568	4.754
569	3.906
570	3.816
571	4.946
572	7.222
573	9.583
574	7.941
575	6.724
576	3.943
577	3.203
578	0.3474
579	1.051
580	9.329
581	7.964
582	3.188
583	6.199
584	5.095
585	1.516
586	4.906
587	6.57
588	2.283
589	2.634
590	1.342
591	3.105
592	8.348
593	1.227
594	5.336
595	8.355
596	4.166
597	9.111
598	0.7855
599	5.735
600	5.86
601	3.502
602	8.317
603	9.336
604	9.241
605	1.128
606	8.128
607	7.242
608	3.566
609	5.528
610	5.472
611	5.089
612	4.514
613	7.316
614	9.821
615	6.935
616	2.05
617	3.854
618	4.384
619	1.396
620	6.798
621	4.684
622	9.118
623	6.696
624	1.308
625	5.063
626	4.081
627	2.905
628	3.678
629	5.572
630	4.473
631	4.208
632	6.034
633	6.038
634	0.3559
635	6.692
636	7.404
637	2.718
638	8.858
639	3.041
640	8.64
641	1.072
642	7.662
643	6.637
644	7.713
645	6.084
646	9.152
647	5.193
648	4.17
649	0.2802
650	8.081
651	5.097
652	7.199
653	2.941
654	0.303
655	3.482
656	2.089
657	4.126
658	0.4825
659	7.895
660	5.687
661	2.214
662	6.105
663	1.097
664	8.345
665	3.187
666	1.744
667	2.658
668	5.485
669	5.757
670	8.279
671	6.274
672	8.503
673	6.618
674	3.016
675	9.1
676	6.207
677	3.186
678	7.427
679	1.631
680	4.651
681	8.701
682	8.331
683	5.084
684	3.75
685	8.599
686	5.487
687	3.463
688	1.911
689	9.327
690	4.631
691	7.489
692	3.503
693	1.226
694	1.267
695	6.418
696	5.049
697	5.79
698	2.692
699	0.459
700	7.878
701	9.782
702	1.893
703	3.432
704	7.267
705	8.518
706	2.375
707	0.8007
708	8.941
709	9.445
710	6.326
711	1.74
712	9.232
713	0.9539
714	2.533
715	9.642
716	1.796
717	4.91
718	3.781
719	0.1418
720	4.63
721	8.885
722	3.678
723	4.89
724	1.449
725	3.485
726	1.368
727	1.062
728	7.11
729	6.515
730	0.9044
731	4.419
732	3.167
733	1.019
734	6.924
735	9.693
736	3.721
737	4.442
738	5.753
739	6.917
740	7.276
741	7.397
742	0.8869
743	6.558
744	8.345
745	2.835
746	1.967
747	6.041
748	8.985
749	5.141
750	8.775
751	2.16
752	3.09
753	4.409
754	5.519
755	9.379
756	8.978
757	2.165
758	1.433
759	6.316
760	3.91
761	3.169
762	3.867
763	2.128
764	3.882
765	8.946
766	7.82
767	3.337
768	8.962
769	7.064
770	6.55
771	6.132
772	9.581
773	4.385
774	6.987
775	5.099
776	5.333
777	8.18
778	3.53
779	8.431
780	9.792
781	3.082
782	9.376
783	6.695
784	6.666
785	5.295
786	6.277
787	3.911
788	0.134
789	0.5606
790	3.385
791	4.135
792	5.678
793	8.893
794	5.824
795	6.047
796	5.209
797	5.245
798	3.024
799	4.643
800	0.4429
801	2.175
802	0.4324
803	3.98
804	6.856
805	6.73
806	4.679
807	0.5384
808	6.929
809	7.472
810	6.187
811	1.117
812	1.762
813	6.368
814	4.82
815	2.135
816	5.879
817	9.347
818	3.786
819	6.369
820	9.258
821	1.695
822	5.323
823	3.337
824	0.02174
825	3.171
826	8.419
827	1.773
828	8.798
829	1.52
830	0.1257
831	5.082
832	8.075
833	8.449
834	7.808
835	2.169
836	6.088
837	7.723
838	1.281
839	5.727
840	1.819
841	9.879
842	9.788
843	8.569
844	2.256
845	8.632
846	2.439
847	4.477
848	3.336
849	3.156
850	1.617
851	0.02641
852	4.484
853	4.447
854	1.188
855	2.423
856	4.984
857	1.822
858	2.384
859	1.363
860	7.962
861	7.051
862	5.466
863	2.734
864	6.799
865	5.641
866	5.031
867	3.839
868	9.344
869	2.333
870	5.411
871	6.316
872	1.408
873	8.936
874	8.775
875	3.422
876	9.641
877	5.082
878	3.886
879	3.598
880	6.085
881	3.947
882	6.252
883	8.149
884	1.221
885	9.649
886	9.13
887	7.306
888	4.077
889	8.256
890	5.27
891	5.973
892	3.518
893	0.412
894	4.193
895	0.858
896	9.861
897	4.645
898	7.284
899	6.549
900	5.62
901	1.726
902	6.614
903	8.997
904	1.7
905	6.125
906	9.833
907	0.6486
908	2.707
909	4.743
910	3.939
911	5.058
912	6.778
913	2.661
914	6.419
915	8.998
916	5.019
917	9.324
918	4.305
919	2.426
920	6.521
921	4.089
922	0.8575
923	5.382
924	1.431
925	3.954
926	4.896
927	0.9445
928	2.669
929	0.6502
930	4.859
931	1.925
932	4.732
933	4.851
934	7.786
935	9.774
936	7.517
937	3.627
938	8.254
939	5.46
940	6.777
941	6.071
942	7.532
943	2.185
944	0.5936
945	7.834
946	8.526
947	3.955
948	8.175
949	0.1133
950	9.795
951	4.907
952	9.64
953	4.189
954	2.776
955	0.8976
956	1.054
957	4.822
958	0.4493
959	7.405
960	5.035
961	5.298
962	3.824
963	3.709
964	1.468
965	2.923
966	8.212
967	0.3526
968	4.076
969	3.263
970	6.041
971	1.033
972	7.481
973	1.921
974	7.674
975	7.828
976	3.985
977	6.19
978	0.455
979	5.504
980	4.779
981	1.005
982	0.6064
983	8.423
984	0.3387
985	8.58
986	8.472
987	6.56
988	2.745
989	1.887
990	4.731
991	3.378
992	4.631
993	8.163
994	0.01188
995	7.015
996	9.405
997	7.453
998	5.916
999	5.606
1000	3.018
1001	6.945
1002	2.403
1003	4.892
1004	0.5595
1005	5.627
1006	3.972
1007	9.951
1008	8.475
1009	5.186
1010	6.132
1011	8.4
1012	1.359
1013	2.836
1014	0.6195
1015	4.412
1016	6.969
1017	9.421
1018	3.026
1019	8.612
1020	4.253
1021	2.215
1022	1.019
1023	8.068
1024	9.038
1025	7.454
1026	7.464
1027	4.358
1028	9.251
1029	0.5033
1030	7.691
1031	7.287
1032	9.241
1033	7.231
1034	7.072
1035	9.927
1036	5.071
1037	9.336
1038	5.721
1039	1.293
1040	4.828
1041	3.351
1042	5.019
1043	7.869
1044	1.712
1045	8.42
1046	7.474
1047	4.037
1048	3.849
1049	4.455
1050	1.49
1051	0.864
1052	3.839
1053	3.272
1054	3.933
1055	5.02
1056	8.856
1057	5.523
1058	4.438
1059	0.05045
1060	9.026
1061	4.793
1062	4.027
1063	4.259
1064	8.576
1065	6.146
1066	2.918
1067	4.905
1068	8.593
1069	2.579
1070	0.7508
1071	8.205
1072	3.072
1073	1.071
1074	0.6932
1075	3.163
1076	7.747
1077	4.955
1078	7.312
1079	3.043
1080	3.272
1081	7.458
1082	9.783
1083	8.318
1084	7.666
1085	8.741
1086	8.88
1087	6.268
1088	1.087
1089	0.8093
1090	7.196
1091	7.323
1092	7.682
1093	5.691
1094	7.412
1095	9.297
1096	8.931
1097	1.416
1098	0.8512
1099	1.159
1100	3.015
1101	1.166
1102	1.496
1103	2.03
1104	0.9166
1105	3.805
1106	5.234
1107	5.304
1108	4.598
1109	4.318
1110	6.544
1111	1.518
1112	6.444
1113	7.461
1114	1.857
1115	7.236
1116	3.649
1117	4.209
1118	8.866
1119	3.038
1120	4.842
1121	2.468
1122	7.591
1123	8.459
1124	1.867
1125	4.242
1126	2.431
1127	5.962
1128	8.206
1129	0.02008
1130	4.307
1131	8.647
1132	7.935
1133	4.653
1134	4.727
1135	6.211
1136	1.158
1137	4.16
1138	3.599
1139	6.815
1140	9.321
1141	6.553
1142	6.936
1143	1.067
1144	5.163
1145	3.722
1146	9.013
1147	1.255
1148	4.439
1149	9.442
1150	3.526
1151	1.702
1152	2.963
1153	7.366
1154	3.598
1155	2.463
1156	0.3879
1157	3.24
1158	1.094
1159	4.33
1160	7.548
1161	1.458
1162	1.331
1163	1.171
1164	9.724
1165	6.177
1166	2.93
1167	4.009
1168	8.807
1169	8.315
1170	5.518
1171	5.173
1172	6.962
1173	6.921
1174	7.675
1175	7.693
1176	5.708
1177	3.563
1178	5.662
1179	5.555
1180	4.828
1181	2.669
1182	8.048
1183	9.809
1184	3.831
1185	0.3303
1186	0.9892
1187	8.905
1188	3.252
1189	5.69
1190	0.3905
1191	0.2241
1192	4.661
1193	9.074
1194	2.125
1195	6.791
1196	2.993
1197	5.351
1198	0.1764
1199	6.739
1200	5.804
1201	4.653
1202	3.638
1203	1.356
1204	5.132
1205	4.396
1206	3.21
1207	4.385
1208	4.155
1209	5.95
1210	2.282
1211	4.443
1212	9.447
1213	2.668
1214	5.174
1215	2.04
1216	1.272
1217	1.797
1218	6.74
1219	8.404
1220	3.565
1221	0.1517
1222	0.661
1223	2.183
1224	4.479
1225	0.3682
1226	9.047
1227	6.616
1228	4.582
1229	7.055
1230	2.947
1231	5.753
1232	1.524
1233	4.602
1234	9.745
1235	0.595
1236	5.285
1237	7.772
1238	0.731
1239	0.3809
1240	5.895
1241	5.994
1242	3.553
1243	6.226
1244	0.8432
1245	0.01216
1246	0.5253
1247	1.762
1248	2.51
1249	2.856
1250	1.184
1251	0.3228
1252	4.282
1253	5.668
1254	5.538
1255	4.681
1256	2.991
1257	8.66
1258	2.576
1259	8.488
1260	6.02
1261	6.331
1262	3.147
1263	2.722
1264	0.3825
1265	3.499
1266	2.983
1267	1.049
1268	6.354
1269	2.615
1270	1.466
1271	4.7
1272	6.469
1273	4.493
1274	2.443
1275	0.8406
1276	8.025
1277	9.731
1278	9.321
1279	3.619
1280	0.8417
1281	8.974
1282	4.63
1283	4.81
1284	3.767
1285	4.921
1286	4.246
1287	3.028
1288	1.158
1289	6.234
1290	5.848
1291	6.427
1292	7.613
1293	4.853
1294	4.838
1295	9.629
1296	4.164
1297	8.558
1298	7.567
1299	2.05
1300	3.635
1301	2.47
1302	3.064
1303	3.944
1304	8.582
1305	3.497
1306	1.297
1307	8.131
1308	8.773
1309	5.102
1310	4.101
1311	5.163
1312	2.809
1313	2.546
1314	4.291
1315	1.005
1316	9.697
1317	2.933
1318	8.393
1319	7.92
1320	3.202
1321	8.128
1322	9.995
1323	2.808
1324	5.841
1325	6.182
1326	8.071
1327	3.39
1328	0.3897
1329	5.764
1330	0.7917
1331	9.478
1332	1.616
1333	3.434
1334	9.295
1335	0.6493
1336	3.454
1337	7.477
1338	0.7993
1339	9.222
1340	4.197
1341	5.534
1342	2.825
1343	2.504
1344	0.9345
1345	2.748
1346	3.693
1347	2.131
1348	3.05
1349	4.972
1350	6.8
1351	5.483
1352	7.778
1353	7.722
1354	1.832
1355	2.247
1356	1.513
1357	2.854
1358	1.073
1359	7.672
1360	7.467
1361	3.503
1362	7.082
1363	3.176
1364	6.7
1365	2.107
1366	7.9
1367	0.09317
1368	1.191
1369	1.396
1370	4.686
1371	9.917
1372	1.489
1373	6.873
1374	6.274
1375	7.014
1376	5.023
1377	1.979
1378	4.334
1379	4.721
1380	5.42
1381	6.699
1382	8.918
1383	2.98
1384	2.846
1385	7.038
1386	3.53
1387	4.264
1388	4.38
1389	9.135
1390	6.871
1391	6.015
1392	0.4367
1393	6.935
1394	5.619
1395	4.683
1396	9.9
1397	8.653
1398	9.165
1399	9.006
1400	1.168
1401	6.775
1402	8.031
1403	0.777
1404	6.3
1405	8.479
1406	1.914
1407	5.444
1408	7.389
1409	5.028
1410	8.759
1411	2.085
1412	5.409
1413	0.4171
1414	6.756
1415	2.894
1416	2.478
1417	6.799
1418	7.756
1419	8.278
1420	4.466
1421	3.011
1422	0.9304
1423	0.8054
1424	4.135
1425	7.733
1426	0.6865
1427	6.845
1428	7.901
1429	2.243
1430	6.767
1431	6.468
1432	0.3311
1433	8.43
1434	8.81
1435	1.269
1436	5.249
1437	1.202
1438	5.03
1439	2.852
1440	3.642
1441	3.18
1442	8.242
1443	5.605
1444	7.66
1445	7.662
1446	0.4013
1447	8.879
1448	2.599
1449	2.487
1450	0.8935
1451	4.906
1452	4.917
1453	7.046
1454	9.224
1455	8.9
1456	5.881
1457	5.089
1458	1.264
1459	3.819
1460	2.171
1461	3.244
1462	7.2
1463	3.786
1464	3.968
1465	9.98
1466	9.362
1467	5.388
1468	7.423
1469	9.311
1470	3.809
1471	6.925
1472	2.555
1473	7.662
1474	8.861
1475	9.005
1476	1.204
1477	5.208
1478	4.752
1479	3.337
1480	8.097
1481	7.221
1482	6.801
1483	9.254
1484	7.757
1485	9.753
1486	7.833
1487	2.867
1488	8.785
1489	4.849
1490	2.46
1491	4.134
1492	2.766
1493	2.068
1494	2.909
1495	9.579
1496	4.452
1497	5.488
1498	6.908
1499	9.011
1500	2.392
1501	6.129
1502	6.536
1503	7.82
1504	6.443
1505	8.081
1506	0.8007
1507	2.69
1508	4.394
1509	9.356
1510	7.66
1511	8.584
1512	6.702
1513	7.731
1514	4.252
1515	3.826
1516	3.609
1517	8.008
1518	9.318
1519	2.442
1520	1.538
1521	7.01
1522	6.884
1523	5.383
1524	6.024
1525	3.821
1526	6.533
1527	1.877
1528	9.828
1529	8.515
1530	8.352
1531	9.847
1532	5.811
1533	6.375
1534	2.467
1535	1.147
1536	2.663
1537	7.316
1538	8.193
1539	8.226
1540	2.459
1541	5.125
1542	7.031
1543	4.989
1544	9.131
1545	5.935
1546	5.985
1547	1.254
1548	3.56
1549	5.516
1550	8.615
1551	6.748
1552	0.1204
1553	2.972
1554	5.622
1555	9.645
1556	4.46
1557	3.744
1558	2.874
1559	8.751
1560	3.842
1561	1.581
1562	5.631
1563	8.631
1564	4.103
1565	4.043
1566	0.9471
1567	9.877
1568	2.586
1569	6.826
1570	1.471
1571	3.224
1572	3.144
1573	1.925
1574	6.377
1575	9.704
1576	9.334
1577	4.771
1578	8.417
1579	7.837
1580	7.665
1581	0.562
1582	4.159
1583	2.625
1584	5.254
1585	0.5968
1586	4.468
1587	1.694
1588	6.27
1589	5.125
1590	9.285
1591	6.595
1592	4.943
1593	2.455
1594	4.161
1595	6.715
1596	7.941
1597	2.006
1598	8.117
1599	5.791
1600	4.332
1601	7.981
1602	6.255
1603	2.413
1604	1.677
1605	8.6
1606	4.624
1607	2.925
1608	3.301
1609	1.861
1610	0.3472
1611	0.3572
1612	2.111
1613	7.85
1614	4.219
1615	5.793
1616	8.521
1617	7.978
1618	4.697
1619	3.575
1620	5.361
1621	5.737
1622	3.619
1623	2.81
1624	8.274
1625	2.614
1626	7.44
1627	4.625
1628	7.355
1629	9.773
1630	0.6824
1631	1.97
1632	5.999
1633	6.63
1634	1.2
1635	1.917
1636	5.72
1637	6.277
1638	3.901
1639	4.238
1640	7.291
1641	6.735
1642	4.652
1643	9.922
1644	5.11
1645	5.655
1646	1.017
1647	7.927
1648	5.471
1649	2.06
1650	0.4722
1651	8.766
1652	8.889
1653	3.708
1654	7.156
1655	2.484
1656	6.271
1657	2.231
1658	3.139
1659	9.45
1660	0.7485
1661	1.735
1662	4.925
1663	8.922
1664	0.8026
1665	0.07033
1666	6.756
1667	6.845
1668	7.968
1669	5.705
1670	3.869
1671	9.685
1672	3.104
1673	8.06
1674	7.83
1675	7.645
1676	7.665
1677	4.059
1678	8.9
1679	0.6849
1680	0.7883
1681	9.397
1682	2.149
1683	8.706
1684	7.872
1685	6.046
1686	8.712
1687	8.809
1688	9.572
1689	6.159
1690	8.112
1691	1.273
1692	1.866
1693	5.352
1694	6.628
1695	6.636
1696	3.732
1697	8.907
1698	9.796
1699	1.623
1700	9.683
1701	3.866
1702	3.42
1703	8.272
1704	0.4437
1705	2.263
1706	7.433
1707	4.761
1708	3.767
1709	2.562
1710	0.4439
1711	2.088
1712	2.702
1713	0.6646
1714	8.49
1715	4.05
1716	6.617
1717	5.912
1718	4.83
1719	5.735
1720	5.582
1721	0.9408
1722	6.755
1723	1.078
1724	1.044
1725	9.375
1726	1.103
1727	1.988
1728	1.501
1729	4.438
1730	1.686
1731	4.806
1732	2.359
1733	4.639
1734	4.873
1735	1.666
1736	5.386
1737	0.6425
1738	7.99
1739	1.907
1740	2.212
1741	0.1433
1742	0.9305
1743	1.149
1744	4.199
1745	7.769
1746	4.713
1747	4.381
1748	1.567
1749	8.066
1750	6.257
1751	9.951
1752	1.048
1753	2.965
1754	0.7755
1755	0.7469
1756	3.919
1757	2.425
1758	5.025
1759	9.703
1760	1.305
1761	9.321
1762	0.7638
1763	9.003
1764	2.9
1765	3.175
1766	4.19
1767	4.081
1768	0.6422
1769	5.993
1770	8.719
1771	0.6162
1772	1.278
1773	5.67
1774	6.135
1775	2.399
1776	4.312
1777	4.026
1778	1.767
1779	3.938
1780	2.901
1781	4.872
1782	1.689
1783	8.476
1784	5.1
1785	2.427
1786	6.064
1787	0.8689
1788	6.758
1789	7.523
1790	1.391
1791	4.79
1792	1.13
1793	8.822
1794	3.964
1795	1.462
1796	6.621
1797	5.241
1798	1.121
1799	3.202
1800	9.764
1801	7.306
1802	5.67
1803	6.518
1804	2.669
1805	3.496
1806	4.792
1807	1.553
1808	9.679
1809	1.644
1810	2.519
1811	6.647
1812	4.14
1813	8.915
1814	7.366
1815	1.142
1816	2.458
1817	0.3135
1818	3.813
1819	3.702
1820	3.385
1821	1.316
1822	0.7698
1823	3.662
1824	2.012
1825	9.984
1826	9.739
1827	6.594
1828	4.662
1829	2.253
1830	2.143
1831	5.537
1832	0.4578
1833	1.395
1834	7.072
1835	5.898
1836	6.662
1837	6.507
1838	0.5473
1839	1.003
1840	2.612
1841	2.096
1842	2.105
1843	0.2841
1844	3.15
1845	5.191
1846	3.452
1847	3.7
1848	9.04
1849	2.679
1850	8.55
1851	3.296
1852	7.891
1853	9.904
1854	3.266
1855	1.133
1856	2.789
1857	8.678
1858	7.663
1859	7.108
1860	9.01
1861	3.625
1862	9.206
1863	2.155
1864	5.394
1865	7.267
1866	4.141
1867	1.069
1868	9.997
1869	3.729
1870	7.854
1871	9.358
1872	0.5692
1873	5.742
1874	0.04787
1875	8.514
1876	0.7237
1877	7.252
1878	1.933
1879	8.728
1880	6.99
1881	7.877
1882	2.017
1883	8.117
1884	4.659
1885	9.241
1886	8.536
1887	4.188
1888	4.34
1889	2.518
1890	7.83
1891	9.128
1892	8.541
1893	2.496
1894	4.531
1895	1.1
1896	1.051
1897	3.496
1898	5.995
1899	1.405
1900	9.677
1901	5.935
1902	2.382
1903	3.26
1904	8.033
1905	1.615
1906	4.113
1907	8.357
1908	4.094
1909	7.216
1910	4.175
1911	7.376
1912	7.567
1913	4.847
1914	6.298
1915	6.524
1916	1.199
1917	5.963
1918	8.89
1919	2.732
1920	7.654
1921	4.159
1922	1.132
1923	9.684
1924	1.6
1925	3.453
1926	0.414
1927	9.377
1928	5.273
1929	7.317
1930	4.986
1931	9.072
1932	9.341
1933	9.241
1934	1.54
1935	6.186
1936	0.977
1937	6.834
1938	7.591
1939	7.903
1940	5.007
1941	9.83
1942	5.923
1943	8.999
1944	3.347
1945	0.6268
1946	5.199
1947	3.003
1948	7.221
1949	9.093
1950	9.998
1951	8.24
1952	8.062
1953	5.774
1954	9.423
1955	7.031
1956	1.587
1957	8.184
1958	7.24
1959	8.299
1960	8.902
1961	7.302
1962	9.553
1963	9.879
1964	1.603
1965	1.006
1966	7.384
1967	8.811
1968	5.601
1969	5.975
1970	8.562
1971	0.4234
1972	9.0
1973	2.045
1974	7.518
1975	6.016
1976	5.972
1977	2.257
1978	2.52
1979	0.9545
1980	7.014
1981	6.589
1982	8.391
1983	5.563
1984	5.625
1985	7.201
1986	3.501
1987	3.907
1988	4.049
1989	2.809
1990	7.202
1991	2.226
1992	7.553
1993	7.145
1994	2.72
1995	5.797
1996	7.203
1997	7.559
1998	5.827
1999	9.338
2000	7.732
2001	6.822
2002	2.944
2003	6.876
2004	4.034
2005	1.943
2006	1.918
2007	7.478
2008	2.973
2009	0.2642
2010	9.246
2011	6.991
2012	9.166
2013	3.157
2014	8.669
2015	4.5
2016	6.695
2017	7.597
2018	7.777
2019	0.6366
2020	9.091
2021	1.083
2022	2.244
2023	0.3463
2024	3.71
2025	8.782
2026	5.661
2027	4.661
2028	5.412
2029	5.647
2030	6.23
2031	4.258
2032	8.45
2033	0.8534
2034	7.13
2035	8.79
2036	5.485
2037	7.81
2038	4.358
2039	7.394
2040	2.267
2041	9.296
2042	5.525
2043	9.821
2044	7.043
2045	9.472
2046	2.91
2047	6.104
2048	3.912
2049	0.05843
2050	8.779
2051	4.483
2052	6.307
2053	4.226
2054	9.569
2055	7.132
2056	5.635
2057	7.754
2058	9.259
2059	4.786
2060	0.2419
2061	8.214
2062	8.297
2063	1.436
2064	8.941
2065	5.824
2066	4.832
2067	8.902
2068	1.111
2069	4.503
2070	9.033
2071	4.888
2072	1.281
2073	7.035
2074	1.61
2075	4.383
2076	6.508
2077	3.38
2078	2.655
2079	8.56
2080	3.145
2081	0.7294
2082	1.545
2083	4.707
2084	1.941
2085	8.957
2086	3.948
2087	1.734
2088	8.58
2089	2.946
2090	3.881
2091	4.773
2092	1.467
2093	5.423
2094	9.051
2095	4.168
2096	9.1
2097	0.6179
2098	8.902
2099	3.416
2100	2.222
2101	4.765
2102	6.092
2103	2.621
2104	4.304
2105	0.33
2106	1.632
2107	6.773
2108	6.915
2109	6.707
2110	8.282
2111	6.526
2112	8.399
2113	1.962
2114	4.193
2115	1.227
2116	4.343
2117	0.7093
2118	5.67
2119	5.622
2120	2.437
2121	3.787
2122	9.252
2123	7.04
2124	8.532
2125	7.741
2126	5.629
2127	2.335
2128	6.33
2129	6.905
2130	6.825
2131	4.362
2132	5.716
2133	5.964
2134	4.616
2135	7.505
2136	5.252
2137	6.395
2138	5.614
2139	2.226
2140	1.042
2141	9.943
2142	3.599
2143	4.238
2144	0.1304
2145	5.158
2146	2.82
2147	4.864
2148	9.837
2149	6.237
2150	9.432
2151	5.985
2152	8.461
2153	6.562
2154	4.942
2155	4.703
2156	8.135
2157	4.337
2158	5.303
2159	9.446
2160	0.195
2161	5.378
2162	9.302
2163	3.691
2164	5.978
2165	2.748
2166	5.435
2167	0.1002
2168	7.522
2169	4.706
2170	9.822
2171	7.667
2172	4.476
2173	3.302
2174	0.7598
2175	6.987
2176	1.344
2177	3.783
2178	1.711
2179	0.1206
2180	6.008
2181	7.836
2182	2.264
2183	2.77
2184	2.925
2185	2.85
2186	5.128
2187	4.158
2188	2.206
2189	9.944
2190	3.891
2191	1.842
2192	0.1775
2193	4.36
2194	8.92
2195	3.017
2196	8.892
2197	6.386
2198	6.512
2199	3.554
2200	0.01247
2201	4.586
2202	1.309
2203	8.493
2204	8.328
2205	6.713
2206	1.504
2207	0.8905
2208	9.225
2209	5.626
2210	9.878
2211	9.648
2212	1.679
2213	0.132
2214	2.491
2215	0.3866
2216	1.647
2217	9.323
2218	8.076
2219	7.858
2220	5.551
2221	6.812
2222	4.176
2223	2.66
2224	9.957
2225	8.945
2226	5.247
2227	7.056
2228	5.29
2229	3.53
2230	2.636
2231	0.273
2232	5.728
2233	7.984
2234	3.156
2235	5.121
2236	6.251
2237	0.9423
2238	2.802
2239	4.085
2240	7.366
2241	3.154
2242	4.255
2243	8.198
2244	0.3258
2245	9.422
2246	5.953
2247	5.82
2248	1.97
2249	3.763
2250	7.079
2251	9.549
2252	8.972
2253	9.085
2254	9.308
2255	9.861
2256	4.535
2257	4.683
2258	5.06
2259	5.687
2260	1.696
2261	6.083
2262	0.7988
2263	5.522
2264	7.578
2265	0.6784
2266	5.066
2267	1.529
2268	8.934
2269	6.885
2270	4.602
2271	6.928
2272	3.313
2273	7.004
2274	0.5157
2275	9.642
2276	5.977
2277	8.664
2278	6.832
2279	4.801
2280	4.154
2281	1.054
2282	2.735
2283	8.513
2284	2.418
2285	3.297
2286	4.585
2287	4.787
2288	6.912
2289	5.549
2290	6.267
2291	5.437
2292	4.96
2293	1.223
2294	1.496
2295	5.085
2296	4.631
2297	3.891
2298	2.237
2299	9.12
2300	6.53
2301	2.422
2302	4.897
2303	8.317
2304	6.083
2305	3.605
2306	5.738
2307	7.379
2308	3.259
2309	2.181
2310	7.484
2311	0.7318
2312	5.742
2313	5.294
2314	5.153
2315	1.433
2316	8.616
2317	2.068
2318	3.183
2319	3.001
2320	5.515
2321	4.151
2322	7.727
2323	9.707
2324	6.417
2325	1.849
2326	3.975
2327	7.559
2328	8.179
2329	9.271
2330	3.682
2331	2.407
2332	1.029
2333	6.716
2334	8.46
2335	4.86
2336	2.1
2337	3.648
2338	2.582
2339	4.797
2340	3.112
2341	8.895
2342	7.941
2343	0.2252
2344	8.204
2345	4.016
2346	3.444
2347	7.052
2348	8.97
2349	7.273
2350	1.013
2351	0.9863
2352	3.888
2353	8.446
2354	4.562
2355	7.229
2356	4.559
2357	6.494
2358	2.332
2359	9.952
2360	2.239
2361	1.195
2362	8.679
2363	7.123
2364	5.716
2365	1.233
2366	2.047
2367	9.32
2368	8.684
2369	4.098
2370	1.349
2371	5.336
2372	8.981
2373	5.759
2374	2.381
2375	5.472
2376	7.151
2377	9.13
2378	7.998
2379	6.476
2380	9.734
2381	4.468
2382	5.099
2383	0.6491
2384	9.693
2385	9.479
2386	2.048
2387	8.043
2388	2.802
2389	7.218
2390	0.5876
2391	6.682
2392	2.614
2393	6.39
2394	1.996
2395	9.523
2396	5.854
2397	8.045
2398	4.667
2399	5.719
2400	3.051
2401	7.467
2402	4.121
2403	9.062
2404	7.295
2405	1.589
2406	6.569
2407	2.308
2408	1.563
2409	0.2454
2410	0.1566
2411	8.401
2412	0.4495
2413	0.6069
2414	6.601
2415	2.766
2416	3.65
2417	0.419
2418	4.662
2419	6.535
2420	1.233
2421	0.1064
2422	7.313
2423	6.157
2424	3.007
2425	4.908
2426	4.421
2427	0.311
2428	8.693
2429	0.5777
2430	9.874
2431	7.166
2432	8.121
2433	0.8536
2434	8.64
2435	9.789
2436	6.526
2437	5.432
2438	5.382
2439	6.541
2440	0.2201
2441	8.343
2442	0.6575
2443	9.238
2444	5.163
2445	4.707
2446	2.686
2447	6.721
2448	4.598
2449	6.914
2450	1.824
2451	1.262
2452	6.247
2453	5.002
2454	7.458
2455	3.908
2456	8.623
2457	5.707
2458	8.556
2459	9.829
2460	0.1805
2461	6.247
2462	1.741
2463	1.532
2464	6.164
2465	3.379
2466	0.5525
2467	4.891
2468	1.184
2469	9.801
2470	3.159
2471	2.651
2472	8.053
2473	7.807
2474	5.606
2475	3.222
2476	4.107
2477	8.258
2478	0.04022
2479	2.187
2480	5.648
2481	5.311
2482	9.829
2483	2.382
2484	2.755
2485	8.443
2486	5.978
2487	2.566
2488	7.88
2489	6.94
2490	6.724
2491	4.579
2492	2.985
2493	3.17
2494	8.889
2495	3.663
2496	6.412
2497	4.458
2498	3.17
2499	6.448
2500	9.854
2501	5.84
2502	5.962
2503	9.261
2504	9.341
2505	9.972
2506	9.993
2507	6.574
2508	1.582
2509	1.393
2510	2.158
2511	9.772
2512	4.267
2513	4.897
2514	6.708
2515	5.363
2516	5.695
2517	1.558
2518	7.817
2519	9.95
2520	9.942
2521	7.874
2522	9.562
2523	8.52
2524	5.164
2525	0.9332
2526	0.5618
2527	7.576
2528	2.332
2529	6.928
2530	0.07541
2531	6.452
2532	2.437
2533	9.248
2534	8.484
2535	8.341
2536	5.207
2537	9.768
2538	2.057
2539	5.871
2540	5.541
2541	7.123
2542	4.148
2543	9.902
2544	5.163
2545	4.696
2546	4.199
2547	0.005008
2548	3.681
2549	9.484
2550	7.799
2551	1.234
2552	5.863
2553	2.864
2554	8.84
2555	6.023
2556	3.468
2557	4.741
2558	9.889
2559	2.268
2560	6.989
2561	2.855
2562	7.002
2563	4.161
2564	0.7207
2565	2.826
2566	6.738
2567	0.4144
2568	0.55
2569	1.004
2570	6.208
2571	5.29
2572	5.738
2573	2.985
2574	4.022
2575	3.881
2576	7.372
2577	1.785
2578	5.71
2579	6.516
2580	1.042
2581	1.141
2582	7.462
2583	5.889
2584	3.214
2585	4.413
2586	8.85
2587	0.11
2588	8.202
2589	5.911
2590	4.766
2591	3.386
2592	0.6621
2593	9.69
2594	8.244
2595	5.008
2596	6.902
2597	7.564
2598	9.964
2599	1.664
2600	3.681
2601	4.01
2602	1.743
2603	9.016
2604	3.46
2605	0.1731
2606	1.849
2607	4.236
2608	2.648
2609	3.37
2610	8.04
2611	3.694
2612	8.654
2613	5.872
2614	7.668
2615	4.446
2616	2.992
2617	2.552
2618	6.075
2619	6.107
2620	1.9
2621	5.082
2622	9.764
2623	5.632
2624	5.537
2625	5.439
2626	1.473
2627	9.218
2628	2.021
2629	4.818
2630	6.644
2631	5.99
2632	4.225
2633	2.659
2634	2.862
2635	2.559
2636	3.377
2637	8.589
2638	8.033
2639	4.033
2640	1.317
2641	3.98
2642	9.592
2643	1.317
2644	2.815
2645	1.99
2646	3.637
2647	4.092
2648	5.283
2649	0.662
2650	1.525
2651	9.006
2652	2.865
2653	8.724
2654	5.121
2655	4.263
2656	3.002
2657	8.922
2658	1.129
2659	9.705
2660	7.865
2661	0.7946
2662	6.906
2663	5.312
2664	3.5
2665	5.436
2666	1.344
2667	9.083
2668	5.019
2669	5.04
2670	5.758
2671	7.875
2672	0.3907
2673	7.552
2674	2.089
2675	6.025
2676	0.2942
2677	1.309
2678	8.608
2679	2.901
2680	4.524
2681	4.428
2682	2.282
2683	7.8
2684	8.577
2685	8.09
2686	3.951
2687	6.588
2688	6.43
2689	5.743
2690	1.859
2691	3.461
2692	3.886
2693	3.941
2694	6.304
2695	3.581
2696	2.24
2697	9.675
2698	1.455
2699	0.3081
2700	5.639
2701	5.325
2702	6.813
2703	5.644
2704	5.881
2705	1.119
2706	1.694
2707	6.509
2708	7.44
2709	1.034
2710	3.652
2711	7.897
2712	5.666
2713	1.112
2714	4.356
2715	3.291
2716	8.313
2717	6.698
2718	2.863
2719	6.18
2720	0.4652
2721	6.499
2722	2.315
2723	8.502
2724	6.441
2725	8.388
2726	8.25
2727	7.423
2728	9.984
2729	9.21
2730	1.459
2731	3.751
2732	1.113
2733	4.825
2734	6.697
2735	6.734
2736	7.469
2737	1.775
2738	3.431
2739	0.3611
2740	7.547
2741	2.388
2742	0.8961
2743	1.728
2744	7.984
2745	8.273
2746	2.007
2747	7.3
2748	5.281
2749	7.287
2750	3.876
2751	7.338
2752	2.69
2753	3.164
2754	5.353
2755	1.899
2756	8.448
2757	0.762
2758	6.336
2759	4.383
2760	5.885
2761	2.349
2762	6.441
2763	0.6315
2764	7.151
2765	8.649
2766	8.169
2767	3.702
2768	2.533
2769	9.262
2770	4.688
2771	6.406
2772	3.577
2773	7.619
2774	6.375
2775	9.562
2776	8.457
2777	7.392
2778	3.097
2779	4.709
2780	2.172
2781	2.811
2782	1.381
2783	1.944
2784	8.179
2785	4.956
2786	0.557
2787	9.625
2788	4.487
2789	8.789
2790	8.967
2791	3.092
2792	0.271
2793	2.608
2794	7.373
2795	6.1
2796	6.523
2797	9.698
2798	7.229
2799	0.9332
2800	8.059
2801	3.039
2802	4.423
2803	0.8178
2804	1.926
2805	1.336
2806	4.84
2807	7.77
2808	5.897
2809	5.053
2810	5.701
2811	6.416
2812	4.329
2813	4.814
2814	7.611
2815	4.859
2816	7.258
2817	3.066
2818	3.04
2819	4.326
2820	0.8352
2821	2.563
2822	1.584
2823	9.406
2824	2.932
2825	5.453
2826	1.486
2827	7.276
2828	8.39
2829	2.952
2830	0.6904
2831	6.263
2832	3.735
2833	2.041
2834	6.399
2835	4.453
2836	8.954
2837	0.2442
2838	3.15
2839	8.554
2840	6.197
2841	0.5459
2842	2.659
2843	8.495
2844	2.05
2845	6.253
2846	8.81
2847	8.885
2848	8.963
2849	9.495
2850	6.529
2851	6.51
2852	3.564
2853	3.029
2854	2.673
2855	3.839
2856	4.344
2857	2.361
2858	7.759
2859	4.054
2860	6.83
2861	2.701
2862	0.5795
2863	2.703
2864	7.855
2865	6.574
2866	1.95
2867	9.71
2868	6.573
2869	9.713
2870	2.726
2871	9.685
2872	2.848
2873	0.7614
2874	7.094
2875	0.4093
2876	4.907
2877	4.456
2878	0.2191
2879	6.628
2880	8.617
2881	1.625
2882	0.2535
2883	8.873
2884	0.6384
2885	0.7974
2886	2.229
2887	4.663
2888	9.458
2889	1.131
2890	9.424
2891	5.154
2892	1.642
2893	4.573
2894	5.397
2895	7.306
2896	0.1261
2897	0.03131
2898	9.172
2899	2.016
2900	2.738
2901	0.9107
2902	7.24
2903	1.425
2904	4.087
2905	1.138
2906	9.551
2907	9.158
2908	6.259
2909	1.363
2910	6.215
2911	2.164
2912	9.166
2913	6.149
2914	4.188
2915	1.938
2916	7.768
2917	1.665
2918	8.971
2919	2.1
2920	2.38
2921	2.022
2922	2.668
2923	9.71
2924	2.166
2925	8.755
2926	4.973
2927	6.286
2928	8.737
2929	9.814
2930	0.4333
2931	6.411
2932	3.996
2933	1.876
2934	9.45
2935	2.058
2936	9.363
2937	6.288
2938	1.449
2939	5.36
2940	7.706
2941	0.7331
2942	3.254
2943	1.949
2944	2.011
2945	6.873
2946	1.959
2947	2.354
2948	0.3663
2949	9.999
2950	0.09362
2951	9.928
2952	2.918
2953	3.431
2954	4.713
2955	4.636
2956	1.976
2957	7.412
2958	2.438
2959	4.16
2960	5.379
2961	6.528
2962	8.533
2963	8.19
2964	5.993
2965	7.497
2966	6.667
2967	5.487
2968	8.818
2969	5.442
2970	0.9458
2971	3.587
2972	8.907
2973	7.14
2974	7.187
2975	9.013
2976	3.49
2977	6.893
2978	3.889
2979	7.407
2980	4.965
2981	3.959
2982	2.382
2983	9.083
2984	0.1129
2985	6.384
2986	5.697
2987	8.005
2988	8.473
2989	4.587
2990	2.989
2991	8.055
2992	8.711
2993	4.395
2994	0.08536
2995	6.573
2996	2.778
2997	2.159
2998	1.61
2999	5.18
3000	3.785
3001	2.887
3002	1.131
3003	4.683
3004	4.137
3005	2.958
3006	5.084
3007	6.878
3008	0.5696
3009	4.049
3010	5.226
3011	8.71
3012	2.69
3013	4.423
3014	9.277
3015	9.905
3016	5.685
3017	4.047
3018	6.277
3019	2.032
3020	3.081
3021	0.2496
3022	5.004
3023	1.211
3024	6.548
3025	2.258
3026	1.583
3027	0.09956
3028	1.856
3029	8.936
3030	5.789
3031	0.3543
3032	6.225
3033	0.6927
3034	5.526
3035	6.638
3036	8.567
3037	0.8323
3038	8.386
3039	9.225
3040	1.804
3041	5.365
3042	6.247
3043	2.834
3044	1.196
3045	8.073
3046	4.159
3047	3.577
3048	9.283
3049	2.367
3050	4.691
3051	1.144
3052	0.793
3053	9.264
3054	3.268
3055	9.759
3056	4.341
3057	4.554
3058	3.552
3059	8.156
3060	4.799
3061	1.139
3062	0.813
3063	4.732
3064	7.184
3065	7.435
3066	5.821
3067	7.046
3068	4.376
3069	7.413
3070	5.243
3071	7.365
3072	3.37
3073	5.917
3074	8.544
3075	6.951
3076	8.43
3077	5.256
3078	4.162
3079	2.195
3080	7.948
3081	2.511
3082	0.222
3083	7.527
3084	7.291
3085	7.812
3086	9.708
3087	6.042
3088	2.15
3089	1.474
3090	4.048
3091	8.755
3092	3.135
3093	6.217
3094	4.2
3095	6.576
3096	1.332
3097	2.797
3098	5.609
3099	5.909
3100	2.443
3101	8.586
3102	6.059
3103	1.37
3104	5.578
3105	6.277
3106	7.565
3107	8.019
3108	5.071
3109	4.846
3110	9.254
3111	1.362
3112	6.522
3113	3.014
3114	1.978
3115	1.575
3116	6.493
3117	7.743
3118	3.345
3119	7.962
3120	6.081
3121	2.856
3122	4.792
3123	9.525
3124	8.944
3125	8.489
3126	0.5814
3127	9.09
3128	1.622
3129	6.182
3130	3.605
3131	8.117
3132	3.562
3133	7.445
3134	9.089
3135	9.692
3136	9.229
3137	2.535
3138	6.973
3139	8.671
3140	0.5992
3141	9.486
3142	2.284
3143	4.945
3144	6.428
3145	2.94
3146	6.42
3147	5.762
3148	3.504
3149	6.985
3150	8.88
3151	0.3178
3152	2.591
3153	1.56
3154	7.594
3155	7.688
3156	3.595
3157	0.5532
3158	5.738
3159	7.003
3160	7.391
3161	2.493
3162	1.967
3163	0.5585
3164	1.026
3165	0.744
3166	6.708
3167	7.607
3168	8.804
3169	9.419
3170	3.56
3171	0.2026
3172	8.013
3173	8.464
3174	8.349
3175	8.735
3176	7.627
3177	8.407
3178	3.578
3179	2.319
3180	5.343
3181	1.858
3182	2.45
3183	1.642
3184	6.595
3185	5.062
3186	0.111
3187	8.945
3188	2.707
3189	0.2842
3190	6.13
3191	6.051
3192	9.861
3193	5.938
3194	4.526
3195	0.3598
3196	7.834
3197	0.811
3198	4.721
3199	3.643
3200	7.435
3201	6.459
3202	1.58
3203	5.312
3204	5.419
3205	9.019
3206	5.909
3207	8.377
3208	7.257
3209	8.47
3210	8.448
3211	7.55
3212	7.282
3213	1.929
3214	9.587
3215	9.637
3216	4.876
3217	0.5854
3218	8.874
3219	8.249
3220	0.5714
3221	6.31
3222	0.7689
3223	3.746
3224	9.135
3225	1.335
3226	8.448
3227	2.732
3228	9.256
3229	1.859
3230	5.371
3231	8.423
3232	0.07388
3233	7.245
3234	7.53
3235	3.063
3236	4.937
3237	3.636
3238	6.81
3239	4.084
3240	8.443
3241	6.701
3242	8.742
3243	7.51
3244	7.445
3245	2.139
3246	3.953
3247	3.65
3248	4.587
3249	2.811
3250	0.2558
3251	1.795
3252	5.776
3253	0.1158
3254	1.617
3255	1.02
3256	7.522
3257	1.941
3258	9.053
3259	1.719
3260	5.38
3261	9.832
3262	4.422
3263	7.238
3264	9.444
3265	7.882
3266	5.354
3267	5.155
3268	7.193
3269	4.792
3270	2.386
3271	0.4785
3272	6.236
3273	7.824
3274	2.229
3275	0.5105
3276	3.362
3277	7.606
3278	8.818
3279	3.335
3280	6.823
3281	0.4959
3282	2.517
3283	9.801
3284	1.758
3285	1.589
3286	6.336
3287	3.783
3288	5.914
3289	0.195
3290	0.673
3291	4.081
3292	4.991
3293	5.246
3294	9.155
3295	8.014
3296	9.048
3297	4.551
3298	1.446
3299	7.53
3300	2.259
3301	7.988
3302	2.445
3303	4.989
3304	1.284
3305	9.562
3306	2.316
3307	7.894
3308	2.532
3309	7.083
3310	5.306
3311	8.108
3312	7.354
3313	9.567
3314	7.868
3315	7.088
3316	3.628
3317	1.784
3318	8.508
3319	4.182
3320	7.795
3321	3.354
3322	3.499
3323	6.347
3324	5.174
3325	4.215
3326	7.757
3327	9.628
3328	8.836
3329	1.159
3330	9.924
3331	0.5192
3332	2.229
3333	9.74
3334	6.033
3335	1.422
3336	7.087
3337	8.419
3338	8.336
3339	6.59
3340	8.348
3341	0.9477
3342	1.205
3343	8.799
3344	8.404
3345	7.013
3346	6.989
3347	7.492
3348	6.601
3349	2.581
3350	0.3317
3351	6.768
3352	3.809
3353	5.562
3354	6.335
3355	1.99
3356	2.119
3357	5.93
3358	9.997
3359	2.111
3360	6.704
3361	9.637
3362	5.225
3363	4.454
3364	6.545
3365	6.197
3366	2.133
3367	0.4319
3368	1.053
3369	8.221
3370	4.807
3371	9.677
3372	9.9
3373	1.686
3374	4.31
3375	8.493
3376	9.037
3377	9.089
3378	9.225
3379	9.039
3380	1.145
3381	8.406
3382	3.414
3383	3.685
3384	0.9207
3385	3.995
3386	6.594
3387	6.094
3388	5.587
3389	2.946
3390	9.79
3391	5.406
3392	4.496
3393	4.593
3394	6.294
3395	2.356
3396	3.665
3397	3.583
3398	6.507
3399	4.484
3400	9.108
3401	2.147
3402	5.746
3403	4.257
3404	8.07
3405	1.98
3406	2.959
3407	2.342
3408	6.489
3409	8.328
3410	9.639
3411	4.066
3412	9.399
3413	2.968
3414	9.719
3415	3.271
3416	5.2
3417	6.187
3418	6.841
3419	8.816
3420	3.962
3421	4.214
3422	7.17
3423	1.99
3424	2.27
3425	7.198
3426	5.417
3427	7.307
3428	2.978
3429	5.697
3430	9.965
3431	1.536
3432	8.465
3433	7.293
3434	7.517
3435	4.349
3436	6.407
3437	5.791
3438	2.612
3439	2.697
3440	5.732
3441	7.447
3442	9.769
3443	9.064
3444	6.141
3445	3.284
3446	5.806
3447	3.8
3448	2.333
3449	2.496
3450	2.544
3451	4.908
3452	3.66
3453	5.955
3454	4.704
3455	7.383
3456	2.842
3457	2.121
3458	5.16
3459	5.038
3460	5.349
3461	2.45
3462	0.3366
3463	1.064
3464	5.792
3465	1.087
3466	6.844
3467	3.339
3468	0.3242
3469	0.4863
3470	3.441
3471	6.157
3472	4.649
3473	7.591
3474	1.517
3475	0.6258
3476	3.835
3477	5.813
3478	3.806
3479	7.419
3480	1.956
3481	3.172
3482	3.71
3483	4.76
3484	6.062
3485	2.959
3486	5.503
3487	3.388
3488	9.337
3489	6.118
3490	3.705
3491	4.571
3492	1.709
3493	8.515
3494	5.458
3495	8.93
3496	7.511
3497	5.695
3498	2.711
3499	5.793
3500	3.228
3501	6.811
3502	6.749
3503	3.099
3504	3.585
3505	0.412
3506	1.059
3507	6.508
3508	8.658
3509	6.272
3510	2.944
3511	4.712
3512	9.346
3513	9.59
3514	7.709
3515	0.4752
3516	2.323
3517	0.9671
3518	5.234
3519	3.724
3520	9.521
3521	3.555
3522	6.21
3523	7.375
3524	6.629
3525	9.367
3526	9.607
3527	4.204
3528	1.351
3529	8.624
3530	2.116
3531	5.677
3532	4.062
3533	7.875
3534	3.793
3535	5.402
3536	1.544
3537	7.604
3538	7.793
3539	5.907
3540	5.588
3541	7.047
3542	3.229
3543	7.619
3544	7.046
3545	6.08
3546	0.6291
3547	8.357
3548	2.483
3549	0.1682
3550	3.252
3551	8.483
3552	8.441
3553	5.278
3554	2.921
3555	9.207
3556	8.538
3557	5.935
3558	6.524
3559	8.675
3560	2.629
3561	4.589
3562	5.258
3563	6.406
3564	7.782
3565	8.21
3566	0.06788
3567	5.248
3568	9.824
3569	8.189
3570	8.956
3571	4.87
3572	4.141
3573	4.768
3574	2.229
3575	7.74
3576	7.568
3577	4.319
3578	3.298
3579	1.44
3580	3.88
3581	4.137
3582	7.791
3583	7.9
3584	6.415
3585	0.3622
3586	2.07
3587	6.687
3588	7.946
3589	7.893
3590	5.945
3591	7.189
3592	1.489
3593	0.4267
3594	5.186
3595	1.046
3596	3.792
3597	1.176
3598	7.903
3599	6.222
3600	0.6947
3601	3.524
3602	5.357
3603	1.794
3604	0.7475
3605	5.518
3606	8.161
3607	1.516
3608	1.2
3609	1.093
3610	8.811
3611	9.884
3612	0.7472
3613	3.507
3614	4.485
3615	9.252
3616	7.128
3617	8.655
3618	1.008
3619	0.3877
3620	1.655
3621	4.94
3622	0.4349
3623	0.1696
3624	0.2907
3625	5.076
3626	7.798
3627	3.671
3628	7.866
3629	9.498
3630	2.262
3631	8.663
3632	0.2541
3633	5.268
3634	5.234
3635	8.735
3636	7.861
3637	0.5599
3638	4.919
3639	8.68
3640	3.956
3641	6.365
3642	2.45
3643	1.46
3644	3.393
3645	6.407
3646	4.417
3647	1.534
3648	0.7926
3649	9.146
3650	4.118
3651	1.515
3652	3.052
3653	9.809
3654	5.827
3655	1.21
3656	3.276
3657	0.3659
3658	8.102
3659	4.127
3660	9.166
3661	8.72
3662	1.351
3663	0.5994
3664	5.061
3665	6.121
3666	6.729
3667	1.391
3668	1.812
3669	5.211
3670	0.1855
3671	7.673
3672	6.179
3673	3.901
3674	1.867
3675	4.76
3676	2.676
3677	3.124
3678	7.516
3679	8.017
3680	4.661
3681	2.435
3682	5.144
3683	9.922
3684	4.184
3685	1.195
3686	5.467
3687	0.5977
3688	2.814
3689	7.767
3690	9.535
3691	9.263
3692	2.302
3693	3.132
3694	3.194
3695	5.712
3696	7.012
3697	6.277
3698	8.2
3699	9.217
3700	0.2007
3701	2.052
3702	6.82
3703	3.49
3704	3.284
3705	1.854
3706	7.96
3707	6.662
3708	3.079
3709	2.295
3710	9.767
3711	4.218
3712	8.698
3713	9.907
3714	1.219
3715	8.866
3716	3.012
3717	1.061
3718	9.758
3719	1.23
3720	3.676
3721	5.399
3722	8.397
3723	3.368
3724	7.069
3725	2.36
3726	3.91
3727	9.273
3728	7.161
3729	0.471
3730	5.698
3731	9.277
3732	8.884
3733	0.616
3734	3.832
3735	3.652
3736	8.426
3737	2.758
3738	8.354
3739	7.009
3740	2.042
3741	5.239
3742	6.021
3743	6.364
3744	7.226
3745	4.963
3746	4.572
3747	5.535
3748	5.098
3749	0.5007
3750	7.701
3751	5.256
3752	5.829
3753	3.452
3754	2.847
3755	2.902
3756	7.818
3757	8.535
3758	9.961
3759	1.746
3760	5.361
3761	8.112
3762	4.374
3763	7.178
3764	8.897
3765	4.519
3766	8.391
3767	1.636
3768	4.278
3769	0.08753
3770	1.033
3771	6.872
3772	3.681
3773	2.907
3774	1.321
3775	8.399
3776	8.265
3777	2.363
3778	7.887
3779	9.572
3780	6.511
3781	7.957
3782	5.582
3783	6.891
3784	0.52
3785	2.968
3786	7.164
3787	2.002
3788	9.821
3789	2.243
3790	3.881
3791	4.411
3792	2.365
3793	7.039
3794	2.3
3795	6.532
3796	7.877
3797	0.3149
3798	4.301
3799	8.786
3800	3.402
3801	1.419
3802	4.942
3803	5.848
3804	5.227
3805	4.205
3806	0.3024
3807	3.763
3808	7.991
3809	5.853
3810	1.2
3811	7.385
3812	2.811
3813	1.175
3814	0.6073
3815	1.523
3816	9.196
3817	4.409
3818	4.85
3819	6.991
3820	1.399
3821	0.2835
3822	0.5308
3823	1.195
3824	6.438
3825	1.606
3826	2.716
3827	4.236
3828	2.318
3829	6.455
3830	9.937
3831	1.768
3832	1.445
3833	8.121
3834	2.864
3835	0.2358
3836	2.054
3837	9.723
3838	4.276
3839	7.776
3840	1.62
3841	4.796
3842	1.343
3843	3.419
3844	1.339
3845	5.114
3846	0.9892
3847	2.297
3848	1.572
3849	1.964
3850	6.898
3851	6.268
3852	3.618
3853	9.051
3854	3.083
3855	1.084
3856	6.686
3857	8.712
3858	2.632
3859	7.108
3860	5.092
3861	8.554
3862	2.761
3863	2.119
3864	3.79
3865	2.783
3866	0.3079
3867	4.254
3868	6.996
3869	2.476
3870	0.24
3871	9.124
3872	9.33
3873	8.63
3874	1.606
3875	8.295
3876	1.364
3877	4.201
3878	0.1019
3879	8.682
3880	7.247
3881	4.377
3882	6.209
3883	6.337
3884	1.117
3885	7.241
3886	5.104
3887	5.897
3888	5.312
3889	7.182
3890	0.7172
3891	4.429
3892	9.199
3893	9.109
3894	6.331
3895	8.115
3896	1.99
3897	5.718
3898	1.148
3899	9.827
3900	5.936
3901	0.9457
3902	7.588
3903	4.507
3904	2.225
3905	8.1
3906	0.8863
3907	5.233
3908	7.513
3909	7.446
3910	6.704
3911	2.92
3912	3.974
3913	9.016
3914	7.265
3915	0.8223
3916	3.187
3917	6.997
3918	5.324
3919	4.627
3920	2.571
3921	3.139
3922	7.782
3923	4.657
3924	1.655
3925	3.778
3926	8.45
3927	8.035
3928	7.048
3929	9.247
3930	2.215
3931	0.4429
3932	8.138
3933	3.558
3934	5.085
3935	9.042
3936	9.698
3937	9.866
3938	2.037
3939	3.918
3940	2.193
3941	5.27
3942	3.45
3943	5.546
3944	4.557
3945	3.633
3946	3.509
3947	3.865
3948	1.542
3949	7.926
3950	1.409
3951	5.987
3952	6.461
3953	7.096
3954	3.219
3955	8.523
3956	3.178
3957	5.781
3958	9.681
3959	8.125
3960	5.604
3961	1.085
3962	3.853
3963	5.168
3964	9.518
3965	4.101
3966	2.04
3967	5.848
3968	8.178
3969	0.9686
3970	7.731
3971	7.049
3972	2.655
3973	7.002
3974	6.164
3975	5.919
3976	0.8034
3977	1.781
3978	8.663
3979	7.272
3980	7.924
3981	8.885
3982	1.068
3983	0.7629
3984	2.492
3985	9.484
3986	8.375
3987	9.33
3988	8.718
3989	9.35
3990	5.803
3991	6.225
3992	6.363
3993	8.431
3994	2.038
3995	2.758
3996	8.202
3997	9.536
3998	0.3896
3999	5.932
4000	3.198
4001	0.6823
