2	7.243
3	0.5063
4	1.831
5	3.176
6	7.951
7	0.1187
8	8.409
9	7.437
10	0.5973
11	1.164
12	5.373
13	4.264
14	0.04157
15	2.598
16	8.607
17	9.246
18	9.248
19	8.956
20	2.285
21	3.263
22	5.487
23	6.402
24	5.605
25	5.266
26	7.06
27	5.858
28	6.306
29	5.82
30	0.9021
31	4.518
32	5.484
33	5.515
34	1.269
35	7.208
36	4.163
37	1.904
38	1.483
39	7.685
40	4.772
41	0.5318
42	1.997
43	8.251
44	3.79
45	4.392
46	0.6665
47	0.9165
48	1.633
49	8.342
50	4.866
51	9.312
52	6.871
53	3.784
54	7.187
55	8.225
56	6.702
57	5.615
58	2.734
59	1.337
60	8.614
61	7.746
62	2.837
63	0.927
64	1.618
65	8.4
66	9.915
67	9.921
68	2.362
69	7.446
70	8.262
71	3.992
72	9.889
73	1.485
74	4.631
75	3.412
76	2.342
77	0.3696
78	3.884
79	5.285
80	9.94
81	2.02
82	4.269
83	4.609
84	9.193
85	1.816
86	2.555
87	5.252
88	6.603
89	3.082
90	3.605
91	4.674
92	1.721
93	6.426
94	4.184
95	9.245
96	5.82
97	8.741
98	0.5037
99	1.828
100	5.634
101	4.401
102	9.215
103	6.238
104	0.1839
105	7.072
106	4.356
107	8.995
108	6.467
109	3.283
110	7.738
111	8.514
112	1.958
113	1.035
114	6.866
115	6.37
116	4.761
117	6.567
118	4.351
119	5.664
120	2.577
121	6.577
122	6.357
123	5.708
124	9.648
125	3.741
126	9.868
127	0.609
128	7.596
129	3.291
130	2.386
131	3.275
132	4.926
133	0.6959
134	7.598
135	5.948
136	0.7625
137	8.807
138	4.189
139	7.852
140	2.687
141	2.772
142	9.083
143	9.879
144	0.9886
145	1.132
146	3.761
147	2.105
148	6.954
149	1.559
150	4.378
151	2.426
152	8.546
153	2.561
154	3.94
155	2.605
156	1.516
157	5.954
158	7.748
159	7.202
160	9.609
161	6.585
162	5.345
163	1.76
164	1.827
165	3.245
166	7.408
167	3.012
168	3.783
169	1.769
170	8.909
171	3.375
172	2.545
173	3.307
174	2.595
175	5.778
176	7.058
177	3.516
178	4.727
179	4.628
180	0.1724
181	8.304
182	7.807
183	8.032
184	4.059
185	6.311
186	9.749
187	7.273
188	5.952
189	7.49
190	7.879
191	1.319
192	4.22
193	0.2741
194	3.777
195	2.85
196	5.083
197	2.54
198	8.994
199	5.261
200	2.42
201	5.535
202	8.891
203	7.519
204	5.818
205	8.645
206	8.12
207	2.302
208	9.959
209	5.181
210	6.207
211	5.212
212	4.072
213	3.233
214	1.897
215	3.45
216	4.606
217	8.624
218	0.2966
219	5.924
220	9.354
221	1.233
222	7.507
223	2.312
224	1.379
225	8.151
226	5.647
227	1.892
228	9.226
229	9.945
230	4.159
231	6.257
232	3.187
233	9.797
234	8.04
235	2.556
236	3.292
237	4.612
238	0.6271
239	0.6063
240	4.328
241	0.9789
242	3.892
243	0.1313
244	9.049
245	3.695
246	9.686
247	3.329
248	5.565
249	0.3879
250	3.047
251	4.871
252	4.603
253	2.735
254	0.8799
255	8.389
256	3.197
257	2.275
258	1.765
259	3.48
260	8.583
261	4.105
262	1.103
263	4.144
264	8.397
265	9.699
266	3.955
267	3.251
268	6.668
269	0.3924
270	8.418
271	5.59
272	0.04215
273	0.0982
274	2.769
275	9.114
276	7.114
277	1.758
278	4.271
279	9.657
280	6.073
281	8.08
282	2.264
283	7.917
284	8.793
285	3.239
286	5.491
287	8.687
288	7.962
289	3.716
290	7.515
291	4.306
292	5.035
293	8.594
294	9.174
295	4.639E-4
296	8.091
297	3.126
298	4.587
299	0.2873
300	9.338
301	6.64
302	6.286
303	3.991
304	5.972
305	0.5989
306	6.497
307	3.139
308	0.06016
309	2.916
310	4.898
311	1.823
312	9.676
313	6.656
314	5.726
315	9.137
316	6.414
317	0.9929
318	5.21
319	5.653
320	7.663
321	5.108
322	7.945
323	3.255
324	6.4
325	1.225
326	5.02
327	6.12
328	6.029
329	6.233
330	4.606
331	6.671
332	9.211
333	2.037
334	2.029
335	0.6109
336	0.6612
337	6.769
338	2.474
339	0.9552
340	3.099
341	0.9492
342	4.984
343	6.395
344	2.835
345	5.807
346	4.397
347	5.342
348	6.331
349	5.481
350	6.547
351	1.613
352	5.403
353	2.264
354	9.388
355	7.328
356	3.873
357	4.432
358	9.563
359	2.261
360	8.449
361	4.113
362	6.042
363	9.041
364	9.4
365	4.624
366	0.5814
367	3.828
368	9.177
369	6.925
370	6.378
371	9.087
372	5.632
373	8.722
374	9.405
375	7.449
376	3.073
377	3.795
378	6.763
379	3.563
380	4.774
381	1.379
382	1.761
383	6.063
384	3.206
385	4.874
386	3.779
387	2.542
388	8.214
389	3.314
390	7.623
391	5.542
392	6.209
393	6.653
394	9.327
395	4.889
396	0.3161
397	5.485
398	1.396
399	6.822
400	5.426
401	9.543
402	9.554
403	9.198
404	7.308
405	9.301
406	3.977
407	9.104
408	9.919
409	4.616
410	1.379
411	6.571
412	9.465
413	1.17
414	3.094
415	0.127
416	4.977
417	9.783
418	5.591
419	6.949
420	5.834
421	9.933
422	4.293
423	5.119
424	9.775
425	8.829
426	3.49
427	6.92
428	5.783
429	0.5994
430	4.662
431	9.122
432	5.444
433	7.268
434	2.73
435	1.709
436	2.498
437	8.366
438	5.893
439	5.179
440	5.795
441	5.634
442	4.489
443	6.4
444	0.9221
445	7.392
446	1.541
447	1.654
448	6.266
449	7.44
450	6.198
451	7.982
452	0.8988
453	0.2274
454	0.04513
455	2.433
456	9.293
457	6.972
458	9.857
459	3.544
460	7.547
461	4.81
462	9.227
463	0.7148
464	9.531
465	6.569
466	9.587
467	2.426
468	8.976
469	7.247
470	6.092
471	2.371
472	0.254
473	2.846
474	6.148
475	4.854
476	9.55
477	2.462
478	4.979
479	1.479
480	4.051
481	7.275
482	4.252
483	6.651
484	6.655
485	6.394
486	6.658
487	7.99
488	1.023
489	6.584
490	6.624
491	9.619
492	2.569
493	9.361
494	1.839
495	7.226
496	0.02577
497	4.379
498	8.483
499	4.353
500	3.202
501	5.98
502	8.643
503	6.941
504	1.862
505	7.858
506	1.319
507	4.152
508	7.274
509	0.007066
510	8.964
511	7.405
512	2.628
513	8.754
514	3.745
515	3.626
516	6.887
517	1.507
518	9.407
519	2.603
520	6.916
521	3.039
522	8.073
523	1.503
524	4.266
525	7.514
526	5.334
527	2.298
528	2.12
529	5.995
530	0.9341
531	4.878
532	2.781
533	8.259
534	6.57
535	4.379
536	3.2
537	6.02
538	4.048
539	5.461
540	7.277
541	1.847
542	5.842
543	7.62
544	5.313
545	0.3455
546	2.133
547	8.616
548	3.311
549	9.569
550	2.163
551	5.945
552	3.989
553	4.221
554	0.2063
555	5.345
556	9.699
557	0.6385
558	0.4628
559	0.006997
560	2.722
561	3.595
562	5.72
563	8.693
564	0.9356
565	8.783
566	5.923
567	6.735
568	6.163
569	6.343
570	1.032
571	8.198
572	6.001
573	5.911
574	2.45
575	1.239
576	5.158
577	7.108
578	6.354
579	9.581
580	1.188
581	3.552
582	9.153
583	2.292
584	0.807
585	3.487
586	5.716
587	2.222
588	7.493
589	4.614
590	8.056
591	6.427
592	1.958
593	9.682
594	2.942
595	8.114
596	2.684
597	8.21
598	4.684
599	5.18
600	8.098
601	0.4256
602	8.5
603	3.286
604	6.909
605	1.521
606	4.182
607	6.261
608	7.103
609	1.421
610	4.023
611	7.791
612	9.965
613	5.676
614	0.7558
615	7.498
616	9.924
617	2.39
618	5.017
619	3.625
620	1.75
621	8.862
622	2.595
623	4.394
624	9.891
625	2.787
626	4.241
627	0.9633
628	8.334
629	3.773
630	9.188
631	2.274
632	4.17
633	3.813
634	9.31
635	1.181
636	0.7143
637	2.585
638	0.9806
639	4.704
640	3.255
641	3.438
642	5.169
643	2.064
644	8.939
645	0.7439
646	0.2886
647	0.6639
648	1.162
649	0.6053
650	6.517
651	1.438
652	7.957
653	7.262
654	5.192
655	1.467
656	3.138
657	4.495
658	1.219
659	8.255
660	4.075
661	0.1381
662	8.217
663	4.886
664	1.261
665	1.525
666	8.545
667	9.559
668	4.024
669	6.744
670	1.537
671	4.675
672	6.441
673	1.61
674	9.085
675	4.991
676	7.163
677	6.923
678	7.256
679	1.238
680	5.956
681	7.548
682	7.289
683	1.262
684	0.7416
685	6.619
686	8.648
687	8.741
688	1.257
689	2.892
690	5.683
691	6.543
692	1.063
693	1.795
694	1.817
695	8.49
696	4.34
697	6.452
698	6.533
699	3.941
700	9.005
701	0.7989
702	0.6863
703	5.296
704	1.603
705	7.016
706	6.84
707	1.754
708	8.353
709	7.187
710	2.835
711	3.167
712	9.477
713	4.531
714	4.69
715	5.268
716	2.845
717	4.132
718	7.979
719	4.084
720	5.38
721	3.75
722	3.286
723	3.201
724	8.126
725	2.342
726	0.03269
727	3.193
728	8.216
729	7.589
730	1.31
731	3.517
732	3.082
733	7.124
734	3.838
735	9.505
736	2.636
737	8.301
738	6.787
739	2.639
740	2.327
741	4.508
742	9.487
743	6.881
744	5.648
745	5.236
746	8.565
747	1.7
748	1.753
749	2.801
750	1.172
751	5.262
752	2.118
753	9.94
754	1.019
755	3.268
756	7.361
757	1.808
758	3.509
759	2.563
760	4.774
761	3.912
762	4.091
763	4.427
764	2.351
765	0.178
766	3.077
767	1.061
768	7.412
769	7.803
770	0.81
771	9.21
772	2.817
773	1.974
774	4.508
775	7.895
776	0.378
777	2.388
778	8.303
779	7.341
780	2.529
781	8.223
782	5.017
783	0.5836
784	2.423
785	8.383
786	7.187
787	0.9811
788	6.331
789	0.8362
790	7.701
791	2.05
792	5.794
793	1.531
794	1.013
795	8.206
796	7.73
797	0.2891
798	5.485
799	1.299
800	6.832
801	8.505
802	0.4526
803	3.675
804	6.852
805	5.906
806	5.888
807	4.418
808	3.098
809	3.593
810	1.208
811	0.2794
812	9.845
813	2.081
814	9.417
815	7.542
816	6.402
817	5.882
818	4.142
819	8.597
820	5.491
821	5.347
822	2.415
823	9.73
824	5.239
825	7.561
826	5.507
827	7.547
828	3.951
829	4.577
830	8.535
831	7.642
832	1.347
833	5.483
834	0.7666
835	7.827
836	6.115
837	7.7
838	3.545
839	3.66
840	8.561
841	1.306
842	5.006
843	0.4728
844	8.874
845	1.253
846	8.744
847	9.551
848	5.394
849	5.523
850	3.841
851	3.998
852	0.4163
853	6.791
854	1.5
855	4.393
856	1.356
857	3.079
858	4.159
859	4.781
860	7.212
861	1.113
862	7.356
863	8.097
864	0.02578
865	5.117
866	8.791
867	8.175
868	7.559
869	9.972
870	7.306
871	4.441
872	8.192
873	8.815
874	7.247
875	6.948
876	3.274
877	5.518
878	3.073
879	3.995
880	3.345
881	5.364
882	6.862
883	9.803
884	8.544
885	5.328
886	1.629
887	5.598
888	1.456
889	4.977
890	8.372
891	3.498
892	9.371
893	4.486
894	8.491
895	5.433
896	9.659
897	1.092
898	4.212
899	7.143
900	0.01103
901	7.906
902	4.513
903	5.75
904	2.384
905	9.669
906	3.552
907	5.173
908	3.229
909	8.703
910	2.477
911	6.975
912	3.058
913	0.488
914	7.018
915	2.307
916	2.434
917	6.536
918	9.029
919	1.224
920	7.584
921	6.135
922	8.838
923	7.821
924	7.225
925	2.515
926	8.858
927	7.379
928	6.526
929	7.963
930	2.804
931	6.593
932	0.8169
933	2.698
934	1.823
935	9.307
936	8.894
937	0.1368
938	6.973
939	3.467
940	4.154
941	9.105
942	5.347
943	7.958
944	8.119
945	3.531
946	0.6384
947	0.6741
948	3.968
949	6.651
950	9.575
951	3.173
952	9.871
953	1.643
954	7.731
955	7.585
956	6.772
957	3.685
958	5.297
959	3.9
960	3.576
961	8.785
962	1.766
963	3.805
964	5.245
965	0.434
966	0.2449
967	2.705
968	3.055
969	4.607
970	6.844
971	2.919
972	5.152
973	2.216
974	6.727
975	1.226
976	5.062
977	1.411
978	5.937
979	0.8894
980	0.8637
981	9.581
982	6.52
983	8.643
984	2.494
985	5.608
986	2.74
987	8.292
988	2.136
989	0.2917
990	4.322
991	1.575
992	2.502
993	6.827
994	2.776
995	9.913
996	9.311
997	5.936
998	5.94
999	6.437
1000	6.47
1001	1.403
1002	6.694
1003	6.02
1004	4.539
1005	8.219
1006	0.4136
1007	8.648
1008	4.747
1009	3.953
1010	1.003
1011	3.202
1012	8.229
1013	7.584
1014	0.4436
1015	7.7
1016	1.157
1017	7.348
1018	4.849
1019	7.541
1020	3.722
1021	0.9151
1022	0.2645
1023	6.959
1024	1.662
1025	5.747
1026	1.182
1027	3.193
1028	3.15
1029	0.9185
1030	4.782
1031	4.658
1032	1.678
1033	5.296
1034	9.739
1035	8.907
1036	3.19
1037	8.204
1038	4.785
1039	8.721
1040	0.9853
1041	7.526
1042	1.793
1043	3.09
1044	4.375
1045	9.619
1046	5.65
1047	3.155
1048	7.98
1049	4.852
1050	1.629
1051	5.892
1052	7.337
1053	3.156
1054	1.385
1055	0.8723
1056	5.107
1057	5.734
1058	3.611
1059	0.5391
1060	8.514
1061	7.761
1062	9.469
1063	0.7174
1064	6.417
1065	6.278
1066	2.91
1067	7.936
1068	8.403
1069	6.36
1070	3.819
1071	9.307
1072	8.384
1073	3.287
1074	3.89
1075	7.826
1076	0.1052
1077	2.582
1078	3.251
1079	9.882
1080	4.993
1081	9.415
1082	3.386
1083	1.532
1084	8.437
1085	8.562
1086	5.107
1087	2.192
1088	2.019
1089	7.541
1090	6.431
1091	7.388
1092	2.965
1093	5.817
1094	1.74
1095	2.342
1096	1.216
1097	5.308
1098	1.698
1099	1.877
1100	7.063
1101	3.165
1102	8.03
1103	8.651
1104	7.778
1105	9.547
1106	4.663
1107	2.644
1108	9.965
1109	2.509
1110	8.929
1111	4.502
1112	5.407
1113	9.099
1114	6.644
1115	2.768
1116	1.11
1117	5.818
1118	2.524
1119	2.0
1120	2.694
1121	1.34
1122	6.345
1123	6.788
1124	1.886
1125	7.575
1126	3.048
1127	7.069
1128	4.148
1129	4.794
1130	8.008
1131	7.981
1132	0.04194
1133	2.793
1134	0.5968
1135	6.446
1136	5.317
1137	2.515
1138	9.484
1139	0.9795
1140	6.051
1141	6.253
1142	7.568
1143	2.607
1144	2.765
1145	6.58
1146	9.059
1147	3.052
1148	0.6901
1149	9.934
1150	0.008783
1151	9.587
1152	8.761
1153	3.27
1154	8.199
1155	5.126
1156	9.679
1157	5.748
1158	6.378
1159	1.58
1160	1.418
1161	5.698
1162	4.072
1163	7.418
1164	1.165
1165	8.761
1166	8.329
1167	5.09
1168	3.366
1169	5.816
1170	2.079
1171	1.274
1172	8.032
1173	3.839
1174	6.626
1175	1.271
1176	2.287
1177	2.838
1178	5.366
1179	6.14
1180	4.682
1181	6.027
1182	5.985
1183	9.998
1184	2.651
1185	7.596
1186	9.094
1187	3.117
1188	8.826
1189	2.384
1190	2.7
1191	6.878
1192	9.502
1193	3.095
1194	0.9916
1195	8.761
1196	0.4417
1197	9.935
1198	9.619
1199	7.346
1200	7.134
1201	8.782
1202	3.769
1203	2.235
1204	6.094
1205	3.767
1206	4.625
1207	4.024
1208	5.549
1209	4.444
1210	7.488
1211	0.4748
1212	4.341
1213	7.394
1214	4.182
1215	6.889
1216	3.364
1217	8.277
1218	3.32
1219	1.794
1220	3.945
1221	0.2321
1222	3.124
1223	6.803
1224	4.869
1225	7.019
1226	5.074
1227	5.247
1228	9.925
1229	2.301
1230	5.769
1231	0.6695
1232	2.892
1233	2.734
1234	7.115
1235	9.563
1236	6.151
1237	1.196
1238	5.818
1239	4.424
1240	8.261
1241	8.785
1242	5.867
1243	5.225
1244	9.94
1245	2.401
1246	6.04
1247	5.205
1248	7.972
1249	3.473
1250	7.866
1251	0.1725
1252	7.028
1253	0.789
1254	6.339
1255	1.849
1256	4.491
1257	0.5905
1258	8.185
1259	1.772
1260	1.274
1261	3.718
1262	3.565
1263	5.197
1264	7.73
1265	4.446
1266	4.627
1267	8.093
1268	5.872
1269	0.8494
1270	1.805
1271	7.51
1272	6.996
1273	2.142
1274	4.167
1275	8.098
1276	5.752
1277	3.851
1278	6.589
1279	0.5825
1280	4.068
1281	0.9716
1282	8.103
1283	7.23
1284	1.728
1285	3.352
1286	5.381
1287	2.943
1288	1.199
1289	9.173
1290	0.6203
1291	8.612
1292	8.735
1293	5.057
1294	5.22
1295	5.998
1296	4.234
1297	5.489
1298	9.761
1299	3.802
1300	9.984
1301	8.104
1302	2.803E-4
1303	2.619
1304	1.343
1305	6.841
1306	2.999
1307	2.438
1308	0.2415
1309	8.896
1310	7.285
1311	2.999
1312	5.011
1313	7.24
1314	9.331
1315	6.408
1316	4.513
1317	7.019
1318	8.782
1319	4.725
1320	1.859
1321	0.554
1322	0.2503
1323	0.6373
1324	6.906
1325	3.695
1326	7.019
1327	8.739
1328	6.057
1329	4.011
1330	6.671
1331	5.188
1332	1.692
1333	5.6
1334	6.745
1335	8.849
1336	8.257
1337	8.696
1338	2.046
1339	8.328
1340	4.569
1341	6.301
1342	4.222
1343	0.9651
1344	3.784
1345	5.714
1346	7.812
1347	1.278
1348	9.05
1349	3.016
1350	2.507
1351	6.399
1352	3.999
1353	1.225
1354	2.305
1355	2.631
1356	6.709
1357	3.903
1358	8.036
1359	2.114
1360	2.694
1361	5.054
1362	1.401
1363	7.348
1364	6.951
1365	9.958
1366	6.343
1367	3.507
1368	6.658
1369	4.39
1370	7.189
1371	5.14
1372	0.8352
1373	1.507
1374	6.668
1375	7.811
1376	6.34
1377	8.583
1378	9.429
1379	1.265
1380	6.388
1381	6.958
1382	6.42
1383	2.503
1384	8.731
1385	0.3301
1386	8.32
1387	4.305
1388	5.786
1389	7.921
1390	3.283
1391	3.842
1392	7.216
1393	3.838
1394	7.361
1395	1.045
1396	7.505
1397	6.204
1398	0.9041
1399	0.5232
1400	3.721
1401	7.114
1402	3.893
1403	7.4
1404	4.734
1405	4.034
1406	7.283
1407	6.303
1408	9.617
1409	0.8123
1410	5.14
1411	5.525
1412	2.822
1413	5.422
1414	7.008
1415	9.363
1416	3.277
1417	2.378
1418	8.534
1419	6.685
1420	6.499
1421	8.018
1422	2.559
1423	6.511
1424	1.251
1425	6.614
1426	6.137
1427	1.157
1428	6.32
1429	5.641
1430	8.337
1431	2.965
1432	6.957
1433	8.709
1434	1.956
1435	6.336
1436	6.225
1437	8.858
1438	2.276
1439	9.0
1440	7.013
1441	0.5847
1442	7.559
1443	5.847
1444	3.561
1445	4.203
1446	9.241
1447	2.253
1448	2.146
1449	8.784
1450	9.137
1451	3.39
1452	2.916
1453	3.336
1454	6.938
1455	7.69
1456	1.782
1457	9.504
1458	0.6372
1459	9.39
1460	4.583
1461	3.381
1462	4.82
1463	1.549
1464	8.393
1465	0.03578
1466	2.935
1467	2.873
1468	6.631
1469	2.118
1470	3.338
1471	5.042
1472	6.874
1473	7.597
1474	4.291
1475	1.352
1476	1.728
1477	0.5196
1478	8.304
1479	3.44
1480	6.706
1481	1.478
1482	1.293
1483	5.981
1484	2.298
1485	4.929
1486	9.638
1487	5.431
1488	0.6878
1489	9.97
1490	8.283
1491	0.4339
1492	8.812
1493	8.16
1494	7.822
1495	5.491
1496	6.354
1497	6.387
1498	6.296
1499	7.469
1500	9.851
1501	4.861
1502	1.465
1503	4.416
1504	4.411
1505	9.392
1506	3.299
1507	8.54
1508	5.648
1509	3.94
1510	2.511
1511	4.502
1512	7.834
1513	1.93
1514	7.079
1515	4.349
1516	3.269
1517	2.341
1518	4.565
1519	4.514
1520	6.822
1521	2.694
1522	9.273
1523	4.091
1524	7.474
1525	5.93
1526	2.707
1527	4.991
1528	3.231
1529	6.969
1530	7.467
1531	7.134
1532	7.742
1533	5.381
1534	7.922
1535	7.647
1536	9.158
1537	5.468
1538	9.281
1539	3.985
1540	0.3111
1541	0.8127
1542	9.2
1543	3.728
1544	2.189
1545	4.512
1546	8.85
1547	8.841
1548	6.332
1549	6.393
1550	1.87
1551	6.664
1552	4.728
1553	7.447
1554	6.006
1555	6.918
1556	3.892
1557	8.486
1558	9.858
1559	6.253
1560	1.559
1561	7.613
1562	6.387
1563	7.371
1564	0.3709
1565	8.38
1566	0.1038
1567	6.686
1568	6.038
1569	7.78
1570	2.785
1571	3.003
1572	8.727
1573	4.093
1574	6.627
1575	0.3019
1576	6.161
1577	1.955
1578	6.089
1579	3.319
1580	7.833
1581	9.937
1582	3.994
1583	5.337
1584	7.474
1585	4.275
1586	0.2498
1587	8.004
1588	1.221
1589	5.097
1590	7.821
1591	0.6819
1592	2.521
1593	8.927
1594	7.721
1595	8.313
1596	6.339
1597	3.362
1598	2.27
1599	5.824
1600	3.389
1601	4.618
1602	1.62
1603	1.521
1604	1.202
1605	6.528
1606	6.094
1607	2.338
1608	7.553
1609	9.081
1610	5.646
1611	5.909
1612	1.407
1613	8.224
1614	2.182
1615	5.361
1616	6.48
1617	1.25
1618	5.072
1619	3.316
1620	9.154
1621	7.555
1622	8.289
1623	3.198
1624	0.5591
1625	3.724
1626	2.419
1627	9.653
1628	7.193
1629	2.383
1630	2.443
1631	5.592
1632	8.286
1633	6.853
1634	6.426
1635	8.574
1636	1.821
1637	2.859
1638	0.4802
1639	1.087
1640	0.658
1641	2.304
1642	9.314
1643	5.299
1644	3.504
1645	5.647
1646	0.6033
1647	2.348
1648	9.004
1649	4.16
1650	6.662
1651	0.2248
1652	9.214
1653	2.002
1654	7.667
1655	8.517
1656	8.879
1657	3.429
1658	9.92
1659	6.863
1660	2.562
1661	9.039
1662	7.773
1663	3.998
1664	8.646
1665	8.912
1666	9.29
1667	2.643
1668	1.521
1669	3.129
1670	3.158
1671	3.884
1672	9.047
1673	6.312
1674	6.907
1675	8.327
1676	4.216
1677	2.619
1678	8.213
1679	2.684
1680	4.044
1681	6.627
1682	2.18
1683	1.304
1684	0.8194
1685	3.484
1686	3.824
1687	2.852
1688	0.3268
1689	9.458
1690	9.043
1691	7.689
1692	1.806
1693	4.323
1694	1.389
1695	8.403
1696	5.076
1697	2.273
1698	4.795
1699	3.401
1700	9.475
1701	7.869
1702	1.287
1703	2.353
1704	6.368
1705	5.448
1706	5.538
1707	0.648
1708	6.58
1709	0.2044
1710	5.029
1711	0.8804
1712	8.817
1713	1.283
1714	1.17
1715	8.7
1716	2.45
1717	0.9582
1718	3.136
1719	0.9605
1720	5.766
1721	1.198
1722	2.011
1723	6.594
1724	9.693
1725	4.683
1726	0.8974
1727	9.718
1728	4.747
1729	7.421
1730	7.003
1731	7.724
1732	0.1909
1733	0.03694
1734	1.142
1735	6.144
1736	6.079
1737	7.148
1738	0.6382
1739	3.015
1740	8.957
1741	0.379
1742	0.3265
1743	1.37
1744	9.173
1745	0.9616
1746	9.839
1747	3.506
1748	3.055
1749	9.235
1750	2.861
1751	8.684
1752	6.493
1753	1.507
1754	4.319
1755	3.28
1756	4.918
1757	7.596
1758	0.1292
1759	3.111
1760	8.375
1761	1.847
1762	2.824
1763	9.705
1764	2.157
1765	0.3838
1766	3.287
1767	4.103
1768	8.995
1769	7.527
1770	4.638
1771	3.991
1772	0.7881
1773	5.562
1774	8.174
1775	0.04127
1776	3.449
1777	8.804
1778	1.187
1779	7.038
1780	9.938
1781	5.825
1782	9.515
1783	1.579
1784	9.14
1785	9.147
1786	1.41
1787	9.558
1788	4.555
1789	8.208
1790	2.378
1791	2.783
1792	5.894
1793	6.814
1794	0.8884
1795	7.879
1796	9.904
1797	9.992
1798	2.847
1799	6.798
1800	6.114
1801	5.631
1802	2.99
1803	9.559
1804	9.413
1805	5.651
1806	8.386
1807	0.7155
1808	7.941
1809	5.488
1810	0.9299
1811	2.208
1812	1.918
1813	7.43
1814	2.127
1815	9.2
1816	3.706
1817	9.683
1818	9.394
1819	7.084
1820	8.639
1821	3.115
1822	1.875
1823	7.757
1824	7.96
1825	6.591
1826	4.561
1827	4.654
1828	3.24
1829	7.523
1830	0.8909
1831	2.176
1832	8.379
1833	7.398
1834	1.67
1835	1.284
1836	4.766
1837	3.126
1838	6.935
1839	4.55
1840	7.979
1841	9.543
1842	5.533
1843	3.509
1844	3.901
1845	1.769
1846	5.95
1847	4.553
1848	3.603
1849	0.5699
1850	7.871
1851	9.818
1852	8.731
1853	3.676
1854	4.986
1855	3.689
1856	8.278
1857	8.783
1858	9.792
1859	0.5474
1860	3.553
1861	3.603
1862	7.05
1863	5.825
1864	9.034
1865	2.011
1866	7.069
1867	7.486
1868	1.461
1869	2.453
1870	7.661
1871	3.18
1872	9.494
1873	1.001
1874	1.45
1875	5.756
1876	4.157
1877	8.047
1878	5.943
1879	0.1386
1880	0.9109
1881	8.785
1882	5.409
1883	5.034
1884	5.839
1885	8.22
1886	8.822
1887	6.116
1888	9.44
1889	8.107
1890	3.574
1891	9.767
1892	0.5241
1893	8.793
1894	7.777
1895	6.591
1896	4.444
1897	6.749
1898	6.961
1899	5.224
1900	9.438
1901	3.456
1902	5.109
1903	1.43
1904	7.364
1905	7.019
1906	2.794
1907	3.361
1908	4.296
1909	6.6
1910	9.065
1911	8.982
1912	8.163
1913	7.229
1914	3.234
1915	6.037
1916	8.24
1917	7.816
1918	3.825
1919	9.869
1920	4.652
1921	3.532
1922	7.777
1923	2.109
1924	0.9576
1925	0.6925
1926	7.478
1927	6.435
1928	7.824
1929	8.938
1930	5.359
1931	3.399
1932	3.958
1933	0.7696
1934	7.599
1935	5.75
1936	0.1624
1937	5.576
1938	0.941
1939	3.431
1940	9.561
1941	6.146
1942	3.478
1943	2.268
1944	5.118
1945	4.545
1946	7.229
1947	4.193
1948	4.237
1949	9.365
1950	2.237
1951	6.862
1952	3.364
1953	3.774
1954	1.502
1955	0.7083
1956	6.841
1957	5.112
1958	9.21
1959	2.891
1960	1.573
1961	4.963
1962	2.543
1963	4.615
1964	5.852
1965	7.538
1966	8.795
1967	1.119
1968	3.827
1969	9.42
1970	8.333
1971	6.286
1972	6.572
1973	9.812
1974	3.873
1975	5.772
1976	2.895
1977	1.362
1978	9.488
1979	5.067
1980	9.87
1981	5.152
1982	9.234
1983	4.158
1984	8.729
1985	6.856
1986	4.38
1987	1.516
1988	1.384
1989	1.35
1990	0.4986
1991	5.003
1992	6.395
1993	5.577
1994	0.1059
1995	1.005
1996	4.115
1997	7.196
1998	0.8621
1999	9.309
2000	6.138
2001	3.433
2002	0.4283
2003	4.722
2004	3.992
2005	0.366
2006	4.383
2007	1.599
2008	9.556
2009	2.696
2010	3.583
2011	5.734
2012	7.345
2013	9.927
2014	8.657
2015	8.693
2016	6.559
2017	6.047
2018	3.544
2019	0.5138
2020	7.061
2021	1.35
2022	6.861
2023	4.599
2024	6.519
2025	9.562
2026	4.809
2027	6.274
2028	3.03
2029	2.324
2030	2.371
2031	0.1207
2032	1.541
2033	4.025
2034	7.551
2035	5.806
2036	3.001
2037	8.06
2038	6.06
2039	0.2242
2040	6.065
2041	9.955
2042	9.655
2043	2.082
2044	4.225
2045	7.689
2046	6.8
2047	5.237
2048	7.281
2049	2.954
2050	8.38
2051	3.458
2052	9.627
2053	5.063
2054	3.425
2055	3.562
2056	6.999
2057	0.8018
2058	9.913
2059	3.342
2060	0.2687
2061	5.571
2062	5.959
2063	1.633
2064	3.603
2065	1.384
2066	0.4899
2067	4.078
2068	4.879
2069	4.728
2070	8.401
2071	3.654
2072	5.964
2073	6.598
2074	4.361
2075	3.297
2076	4.458
2077	0.3762
2078	6.554
2079	8.82
2080	6.151
2081	5.852
2082	3.665
2083	2.271
2084	1.539
2085	2.36
2086	2.777
2087	4.456
2088	2.375
2089	3.401
2090	4.888
2091	1.921
2092	0.8743
2093	1.928
2094	4.054
2095	1.056
2096	5.421
2097	5.729
2098	7.288
2099	3.527
2100	4.643
2101	4.734
2102	3.338
2103	8.156
2104	7.713
2105	6.694
2106	8.546
2107	1.938
2108	4.641
2109	3.069
2110	6.969
2111	1.948
2112	5.235
2113	1.831
2114	7.1
2115	6.32
2116	2.966
2117	2.384
2118	6.567
2119	9.54
2120	8.864
2121	0.3605
2122	7.66
2123	0.7643
2124	8.753
2125	6.629
2126	3.459
2127	9.139
2128	8.263
2129	5.467
2130	0.9269
2131	2.129
2132	5.6
2133	3.517
2134	1.656
2135	7.513
2136	2.194
2137	8.092
2138	7.126
2139	5.538
2140	2.782
2141	4.422
2142	2.692
2143	5.617
2144	1.875
2145	7.836
2146	4.761
2147	1.749
2148	1.466
2149	9.983
2150	5.164
2151	6.341
2152	8.33
2153	9.647
2154	5.644
2155	7.443
2156	1.537
2157	4.402
2158	3.39
2159	7.99
2160	6.247
2161	9.406
2162	2.683
2163	8.664
2164	2.499
2165	9.809
2166	7.579
2167	7.608
2168	7.465
2169	7.808
2170	2.08
2171	9.161
2172	8.821
2173	7.039
2174	9.622
2175	9.195
2176	5.291
2177	9.047
2178	9.526
2179	5.783
2180	4.184
2181	2.277
2182	5.744
2183	2.672
2184	2.832
2185	2.716
2186	7.579
2187	1.293
2188	8.582
2189	4.549
2190	0.5784
2191	2.951
2192	6.347
2193	4.178
2194	2.459
2195	1.018
2196	3.934
2197	4.253
2198	3.389
2199	9.962
2200	0.3997
2201	5.142
2202	8.667
2203	1.6
2204	1.434
2205	6.522
2206	2.938
2207	1.819
2208	1.124
2209	5.122
2210	6.859
2211	8.893
2212	3.738
2213	3.785
2214	5.044
2215	5.91
2216	6.512
2217	6.6
2218	3.873
2219	1.93
2220	4.981
2221	0.5601
2222	3.666
2223	4.609
2224	6.101
2225	8.917
2226	7.887
2227	7.587
2228	2.402
2229	6.673
2230	0.4427
2231	6.217
2232	4.732
2233	5.985
2234	8.348
2235	2.18
2236	0.3711
2237	2.724
2238	0.7286
2239	0.7535
2240	1.584
2241	1.76
2242	4.484
2243	3.772
2244	3.763
2245	3.376
2246	9.364
2247	3.113
2248	2.995
2249	3.428
2250	8.577
2251	3.395
2252	1.783
2253	6.03
2254	6.105
2255	3.702
2256	1.767
2257	7.446
2258	4.64
2259	1.92
2260	4.346
2261	8.989
2262	6.372
2263	6.254
2264	3.474
2265	5.966
2266	4.306
2267	1.288
2268	7.468
2269	4.619
2270	6.156
2271	9.468
2272	9.566
2273	5.687
2274	3.22
2275	7.505
2276	9.587
2277	5.773
2278	7.98
2279	8.497
2280	9.697
2281	6.778
2282	0.3423
2283	8.608
2284	5.869
2285	5.628
2286	2.999
2287	3.584
2288	8.093
2289	3.364
2290	5.854
2291	0.06391
2292	5.243
2293	5.684
2294	6.88
2295	1.285
2296	5.32
2297	5.903
2298	4.003
2299	4.756
2300	5.208
2301	4.238
2302	1.928
2303	2.044
2304	9.778
2305	7.116
2306	7.068
2307	3.308
2308	3.831
2309	1.816
2310	9.897
2311	4.415
2312	4.465
2313	2.095
2314	1.914
2315	1.406
2316	2.331
2317	0.8449
2318	1.079
2319	2.35
2320	5.616
2321	8.319
2322	5.762
2323	2.142
2324	9.081
2325	8.815
2326	8.57
2327	4.398
2328	1.203
2329	1.575
2330	1.301
2331	9.555
2332	5.079
2333	2.503
2334	5.618
2335	1.116
2336	7.334
2337	9.451
2338	6.705
2339	0.5354
2340	7.305
2341	6.081
2342	7.793
2343	3.938
2344	6.579
2345	9.776
2346	8.955
2347	5.918
2348	2.313
2349	1.444
2350	0.8597
2351	6.715
2352	0.7551
2353	6.889
2354	5.149
2355	0.9871
2356	6.21
2357	1.566
2358	6.628
2359	2.033
2360	2.852
2361	1.094
2362	9.453
2363	3.345
2364	2.669
2365	8.089
2366	6.563
2367	2.485
2368	6.683
2369	3.506
2370	8.695
2371	1.881
2372	0.9052
2373	7.004
2374	4.161
2375	9.245
2376	2.669
2377	0.8493
2378	7.387
2379	0.0296
2380	3.967
2381	1.341
2382	3.784
2383	6.606
2384	4.506
2385	3.781
2386	3.853
2387	5.87
2388	5.176
2389	8.581
2390	9.306
2391	5.366
2392	6.485
2393	6.97
2394	6.43
2395	6.684
2396	1.992
2397	9.498
2398	0.3561
2399	6.12
2400	8.478
2401	3.67
2402	6.905E-5
2403	2.942
2404	6.914
2405	6.849
2406	7.823
2407	4.131
2408	2.431
2409	5.653
2410	9.409
2411	5.403
2412	8.298
2413	1.952
2414	9.001
2415	4.855
2416	4.171
2417	9.256
2418	2.791
2419	7.57
2420	5.82
2421	5.534
2422	6.988
2423	9.432
2424	8.642
2425	3.597
2426	0.7856
2427	5.254
2428	3.704
2429	0.649
2430	2.343
2431	4.156
2432	4.782
2433	3.264
2434	5.865
2435	1.557
2436	6.835
2437	7.732
2438	5.775
2439	6.47
2440	9.234
2441	7.42
2442	3.131
2443	5.078
2444	3.123
2445	5.176
2446	9.35
2447	9.061
2448	5.172
2449	1.546
2450	5.728
2451	5.691
2452	7.938
2453	1.207
2454	5.666
2455	7.14
2456	3.338
2457	8.804
2458	2.758
2459	1.242
2460	3.908
2461	4.665
2462	6.055
2463	8.993
2464	0.531
2465	3.347
2466	1.943
2467	4.71
2468	9.421
2469	8.464
2470	1.922
2471	7.018
2472	6.709
2473	6.821
2474	8.672
2475	0.3464
2476	8.079
2477	6.586
2478	5.905
2479	1.531
2480	2.229
2481	6.764
2482	4.879
2483	3.154
2484	1.956
2485	6.587
2486	6.368
2487	7.684
2488	9.878
2489	4.026
2490	3.187
2491	8.782
2492	2.312
2493	9.406
2494	2.968
2495	4.366
2496	3.848
2497	0.2374
2498	4.589
2499	9.749
2500	6.813
2501	3.729
2502	0.1512
2503	8.509
2504	1.296
2505	3.635
2506	2.812
2507	3.469
2508	6.919
2509	1.253
2510	0.415
2511	6.321
2512	9.567
2513	3.921
2514	6.942
2515	3.809
2516	2.012
2517	0.1475
2518	2.124
2519	8.204
2520	9.976
2521	0.611
2522	0.1713
2523	0.983
2524	3.466
2525	5.942
2526	3.537
2527	7.154
2528	5.011
2529	0.6161
2530	1.902
2531	2.497
2532	1.829
2533	9.616
2534	5.651
2535	2.201
2536	2.276
2537	6.94
2538	7.779
2539	1.932
2540	1.346
2541	4.412
2542	6.511
2543	5.26
2544	5.92
2545	4.152
2546	2.054
2547	1.64
2548	3.577
2549	2.506
2550	4.466
2551	8.08
2552	5.239
2553	1.703
2554	5.319
2555	3.588
2556	7.869
2557	6.983
2558	2.081
2559	6.52
2560	3.221
2561	3.68
2562	7.891
2563	0.7236
2564	1.322
2565	2.137
2566	5.714
2567	6.541
2568	3.114
2569	0.7165
2570	1.081
2571	4.701
2572	2.453
2573	8.604
2574	1.693
2575	8.526
2576	9.376
2577	7.287
2578	2.181
2579	4.299
2580	0.6713
2581	9.342
2582	7.697
2583	5.863
2584	9.364
2585	2.434
2586	2.547
2587	6.542
2588	7.226
2589	4.078
2590	2.158
2591	1.755
2592	0.4899
2593	8.761
2594	7.162
2595	7.295
2596	0.7398
2597	2.154
2598	2.416
2599	4.519
2600	3.008
2601	6.272
2602	8.88
2603	6.727
2604	7.143
2605	3.424
2606	7.597
2607	8.394
2608	2.104
2609	9.801
2610	0.06951
2611	2.368
2612	2.914
2613	1.018
2614	5.286
2615	5.709
2616	8.76
2617	4.495
2618	9.045
2619	3.925
2620	2.679
2621	4.642
2622	5.622
2623	7.043
2624	8.541
2625	3.565
2626	8.522
2627	5.798
2628	2.715
2629	4.798
2630	2.927
2631	0.9006
2632	3.347
2633	9.663
2634	9.062
2635	4.212
2636	2.274
2637	8.109
2638	2.422
2639	0.2584
2640	4.385
2641	9.004
2642	0.08238
2643	7.737
2644	0.3615
2645	2.354
2646	0.2749
2647	8.338
2648	9.648
2649	3.348
2650	2.498
2651	4.821
2652	3.14
2653	3.045
2654	7.64
2655	9.856
2656	4.327
2657	1.057
2658	4.681
2659	0.6351
2660	0.6659
2661	1.604
2662	6.278
2663	9.371
2664	0.9451
2665	9.079
2666	5.569
2667	7.287
2668	5.063
2669	3.401
2670	0.917
2671	2.167
2672	9.169
2673	3.521
2674	7.966
2675	4.673
2676	5.66
2677	9.627
2678	3.259
2679	6.923
2680	4.04
2681	1.334
2682	2.488
2683	0.3581
2684	5.873
2685	0.853
2686	9.274
2687	4.004
2688	9.476
2689	6.126
2690	6.855
2691	2.185
2692	4.197
2693	8.206
2694	5.561
2695	3.216
2696	7.134
2697	6.897
2698	6.349
2699	4.8
2700	5.303
2701	5.504
2702	2.155
2703	9.395
2704	8.899
2705	0.6544
2706	6.123
2707	3.959
2708	9.576
2709	5.02
2710	9.536
2711	4.142
2712	1.993
2713	0.6013
2714	7.887
2715	1.641
2716	5.144
2717	0.7079
2718	7.034
2719	1.662
2720	5.133
2721	6.649
2722	4.917
2723	8.504
2724	7.644
2725	4.279
2726	2.741
2727	8.448
2728	7.033
2729	7.329
2730	8.056
2731	0.01645
2732	8.75
2733	4.959
2734	7.064
2735	6.93
2736	2.959
2737	7.981
2738	8.982
2739	9.676
2740	9.637
2741	2.154
2742	8.907
2743	4.193
2744	4.818
2745	6.729
2746	6.855
2747	1.689
2748	8.248
2749	5.814
2750	8.39
2751	9.318
2752	8.669
2753	9.89
2754	5.354
2755	6.689
2756	2.889
2757	8.944
2758	0.04647
2759	1.578
2760	7.245
2761	3.672
2762	9.531
2763	4.091
2764	0.2433
2765	8.231
2766	3.532
2767	3.802
2768	2.168
2769	9.729
2770	3.071
2771	1.195
2772	3.228
2773	8.558
2774	3.836
2775	6.607
2776	4.098
2777	8.983
2778	6.545
2779	9.632
2780	7.195
2781	6.42
2782	6.692
2783	3.845
2784	3.581
2785	5.243
2786	0.2185
2787	0.1297
2788	7.082
2789	4.453
2790	1.207
2791	8.091
2792	0.1724
2793	0.1436
2794	7.973
2795	1.045
2796	5.678
2797	2.725
2798	8.008
2799	6.488
2800	1.608
2801	0.01047
2802	3.505
2803	4.735
2804	4.179
2805	6.763
2806	3.707
2807	1.719
2808	4.477
2809	5.727
2810	3.39
2811	6.399
2812	3.625
2813	8.118
2814	3.719
2815	5.364
2816	1.843
2817	5.136
2818	5.465
2819	6.107
2820	3.029
2821	1.876
2822	1.664
2823	4.797
2824	5.119
2825	4.587
2826	4.864
2827	7.336
2828	7.066
2829	4.049
2830	4.401
2831	5.838
2832	6.9
2833	0.4219
2834	9.06
2835	8.45
2836	4.76
2837	3.77
2838	3.967
2839	4.132
2840	4.872
2841	5.521
2842	1.892
2843	8.71
2844	1.117
2845	3.034
2846	8.272
2847	1.039
2848	0.3937
2849	9.298
2850	3.772
2851	5.847
2852	6.861
2853	3.72
2854	6.391
2855	1.135
2856	6.015
2857	1.235
2858	2.741
2859	8.456
2860	3.91
2861	4.482
2862	4.206
2863	5.37
2864	5.617
2865	0.7203
2866	9.828
2867	5.113
2868	5.92
2869	9.237
2870	0.9766
2871	1.276
2872	7.945
2873	4.436
2874	2.539
2875	2.462
2876	5.525
2877	3.154
2878	7.51
2879	2.356
2880	4.235
2881	8.549
2882	0.6121
2883	5.317
2884	2.027
2885	3.378
2886	9.771
2887	6.123
2888	4.348
2889	2.901
2890	7.288
2891	5.564
2892	4.095
2893	7.797
2894	0.3604
2895	5.05
2896	7.896
2897	2.69
2898	6.228
2899	2.225
2900	1.542
2901	1.565
2902	2.646
2903	3.239
2904	7.283
2905	2.264
2906	9.962
2907	1.172
2908	0.09245
2909	5.423
2910	6.386
2911	6.658
2912	8.016
2913	1.063
2914	9.165
2915	5.048
2916	3.875
2917	2.023
2918	1.313
2919	2.049
2920	2.168
2921	9.743
2922	9.032
2923	1.878
2924	4.55
2925	4.772
2926	2.369
2927	6.6
2928	8.312
2929	6.287
2930	0.9385
2931	8.566
2932	1.409
2933	0.3489
2934	9.865
2935	9.81
2936	0.1576
2937	7.517
2938	1.758
2939	1.294
2940	0.1488
2941	4.148
2942	1.804
2943	1.776
2944	0.41
2945	8.21
2946	3.179
2947	9.193
2948	2.112
2949	5.496
2950	7.605
2951	5.641
2952	0.7082
2953	8.055
2954	8.091
2955	2.664
2956	8.279
2957	9.747
2958	7.579
2959	0.1229
2960	3.4
2961	6.087
2962	1.966
2963	9.438
2964	4.738
2965	7.88
2966	3.187
2967	8.967
2968	3.879
2969	5.337
2970	5.914
2971	3.817
2972	7.12
2973	6.341
2974	3.478
2975	7.894
2976	8.412
2977	8.081
2978	6.946
2979	8.739
2980	3.866
2981	8.533
2982	6.466
2983	4.679
2984	0.111
2985	0.956
2986	3.504
2987	1.051
2988	2.831
2989	3.923
2990	7.557
2991	4.474
2992	4.026
2993	1.836
2994	1.328
2995	4.444
2996	0.02207
2997	4.135
2998	5.395
2999	2.374
3000	6.437
3001	5.084
3002	0.2005
3003	5.333
3004	5.332
3005	7.376
3006	8.959
3007	9.475
3008	8.134
3009	3.441
3010	5.752
3011	3.551
3012	9.427
3013	9.338
3014	6.7
3015	6.595
3016	1.676
3017	8.476
3018	9.233
3019	0.5053
3020	9.187
3021	5.876
3022	9.184
3023	1.45
3024	6.325
3025	4.07
3026	9.613
3027	5.233
3028	6.209
3029	4.97
3030	6.986
3031	0.3374
3032	3.068
3033	3.932
3034	1.105
3035	2.681
3036	1.684
3037	2.102
3038	2.518
3039	4.825
3040	1.379
3041	0.1355
3042	0.9396
3043	5.961
3044	6.6
3045	7.303
3046	3.014
3047	4.643
3048	4.621
3049	8.075
3050	7.847
3051	1.318
3052	7.278
3053	9.416
3054	0.4696
3055	9.573
3056	4.409
3057	1.212
3058	7.853
3059	1.11
3060	7.778
3061	1.44
3062	8.881
3063	5.55
3064	5.539
3065	7.367
3066	5.462
3067	8.503
3068	4.152
3069	5.119
3070	3.694
3071	3.882
3072	9.425
3073	1.674
3074	6.866
3075	5.996
3076	3.596
3077	2.67
3078	6.955
3079	3.066
3080	6.164
3081	6.243
3082	2.285
3083	0.6544
3084	3.701
3085	9.521
3086	0.4331
3087	4.13
3088	1.029
3089	8.433
3090	0.2605
3091	5.903
3092	3.119
3093	4.592
3094	5.941
3095	9.395
3096	0.2063
3097	3.255
3098	6.298
3099	8.597
3100	0.5195
3101	8.662
3102	0.3412
3103	7.092
3104	7.274
3105	3.233
3106	1.369
3107	9.885
3108	6.435
3109	4.297
3110	6.009
3111	2.073
3112	8.566
3113	9.093
3114	0.8587
3115	6.776
3116	5.405
3117	3.92
3118	8.915
3119	3.823
3120	9.716
3121	3.43
3122	1.04
3123	6.635
3124	4.56
3125	3.199
3126	0.8517
3127	3.267
3128	6.58
3129	7.596
3130	3.89
3131	6.468
3132	5.095
3133	0.03648
3134	9.542
3135	3.973
3136	3.132
3137	5.638
3138	6.947
3139	0.7569
3140	1.979
3141	3.817
3142	1.414
3143	0.1265
3144	7.241
3145	4.095
3146	5.167
3147	8.551
3148	7.896
3149	8.753
3150	9.947
3151	3.246
3152	8.469
3153	2.686
3154	0.5784
3155	7.577
3156	4.08
3157	8.983
3158	6.936
3159	5.527
3160	4.655
3161	4.101
3162	9.143
3163	7.48
3164	6.378
3165	3.412
3166	8.954
3167	3.319
3168	1.285
3169	7.893
3170	2.738
3171	4.205
3172	7.27
3173	5.108
3174	4.228
3175	8.537
3176	5.085
3177	9.269
3178	7.124
3179	2.644
3180	4.949
3181	8.415
3182	6.457
3183	4.439
3184	6.514
3185	9.047
3186	6.531
3187	5.313
3188	8.831
3189	8.501
3190	4.099
3191	7.034
3192	2.855
3193	1.131
3194	0.9796
3195	4.717
3196	2.573
3197	9.766
3198	8.1
3199	9.532
3200	8.743
3201	6.658
3202	7.289
3203	3.458
3204	8.712
3205	8.599
3206	1.798
3207	1.82
3208	0.6156
3209	4.915
3210	2.565
3211	0.1592
3212	6.497
3213	7.506
3214	3.506
3215	1.904
3216	7.373
3217	6.179
3218	9.38
3219	0.02105
3220	8.521
3221	0.04801
3222	0.9093
3223	3.132
3224	4.032
3225	0.1473
3226	4.374
3227	5.327
3228	5.393
3229	9.37
3230	8.929
3231	1.312
3232	6.3
3233	1.52
3234	2.56
3235	5.689
3236	5.217
3237	2.048
3238	1.481
3239	5.922
3240	0.4734
3241	3.447
3242	3.86
3243	7.533
3244	8.322
3245	7.655
3246	9.687
3247	7.095
3248	5.774
3249	2.601
3250	0.5584
3251	4.005
3252	9.634
3253	6.279
3254	6.639
3255	5.418
3256	4.103
3257	2.082
3258	5.261
3259	8.778
3260	0.9432
3261	6.685
3262	9.259
3263	1.565
3264	5.275
3265	7.605
3266	1.836
3267	2.99
3268	0.6208
3269	1.211
3270	9.428
3271	3.959
3272	0.03143
3273	7.493
3274	4.948
3275	0.4026
3276	4.948
3277	6.418
3278	5.452
3279	1.898
3280	0.42
3281	5.237
3282	6.592
3283	7.283
3284	8.77
3285	0.3751
3286	3.819
3287	1.246
3288	3.346
3289	8.849
3290	9.62
3291	7.302
3292	4.801
3293	7.816
3294	6.894
3295	5.668
3296	4.102
3297	1.29
3298	6.696
3299	1.001
3300	9.216
3301	4.104
3302	3.152
3303	7.073
3304	2.499
3305	2.557
3306	6.095
3307	2.05
3308	9.635
3309	1.587
3310	9.391
3311	0.2781
3312	3.469
3313	8.135
3314	9.637
3315	9.735
3316	2.49
3317	4.448
3318	0.1568
3319	8.332
3320	6.081
3321	5.927
3322	0.7846
3323	6.585
3324	0.717
3325	5.839
3326	0.06724
3327	9.658
3328	8.024
3329	8.564
3330	6.521
3331	3.323
3332	6.177
3333	7.899
3334	2.917
3335	3.069
3336	9.592
3337	8.471
3338	0.5429
3339	8.038
3340	9.388
3341	4.486
3342	7.141
3343	1.616
3344	8.804
3345	4.305
3346	2.42
3347	9.42
3348	2.094
3349	3.17
3350	5.341
3351	8.479
3352	2.233
3353	4.349
3354	6.471
3355	4.517
3356	5.243
3357	4.163
3358	9.975
3359	6.408
3360	5.814
3361	1.058
3362	8.748
3363	6.271
3364	0.6075
3365	3.812
3366	2.515
3367	2.904
3368	9.563
3369	9.338
3370	7.368
3371	6.082
3372	8.797
3373	0.05906
3374	3.396
3375	3.567
3376	0.5075
3377	9.791
3378	3.416
3379	4.11
3380	2.979
3381	8.731
3382	6.868
3383	1.004
3384	2.459
3385	8.293
3386	6.269
3387	5.667
3388	9.81
3389	7.066
3390	4.107
3391	6.877
3392	7.165
3393	0.3046
3394	7.313
3395	6.078
3396	9.58
3397	2.771
3398	5.807
3399	4.534
3400	4.996
3401	8.043
3402	5.717
3403	2.146
3404	0.5203
3405	8.321
3406	1.035
3407	1.557
3408	1.203
3409	8.691
3410	6.399
3411	2.072
3412	6.228
3413	5.345
3414	9.277
3415	8.397
3416	1.296
3417	1.088
3418	3.564
3419	2.286
3420	4.956
3421	6.376
3422	4.803
3423	1.78
3424	9.334
3425	4.12
3426	7.051
3427	6.84
3428	2.841
3429	7.422
3430	5.688
3431	4.456
3432	5.317
3433	1.624
3434	1.067
3435	0.9048
3436	1.395
3437	6.423
3438	5.133
3439	2.713
3440	9.478
3441	9.337
3442	6.414
3443	9.305
3444	0.5276
3445	2.54
3446	7.883
3447	9.259
3448	4.027
3449	8.485
3450	0.8351
3451	7.036
3452	6.281
3453	9.258
3454	9.814
3455	9.81
3456	2.889
3457	4.956
3458	4.88
3459	4.335
3460	4.754
3461	1.36
3462	2.9
3463	1.363
3464	1.648
3465	6.017
3466	6.588
3467	0.3117
3468	4.851
3469	5.495
3470	9.157
3471	1.239
3472	2.679
3473	3.431
3474	5.368
3475	1.275
3476	2.445
3477	2.515
3478	4.461
3479	3.892
3480	1.934
3481	2.734
3482	9.542
3483	9.376
3484	9.172
3485	0.3947
3486	7.27
3487	7.298
3488	4.457
3489	9.245
3490	4.854
3491	2.937
3492	0.4325
3493	8.885
3494	0.3425
3495	4.835
3496	9.815
3497	4.953
3498	9.656
3499	7.371
3500	1.287
3501	4.288
3502	2.455
3503	6.214
3504	8.486
3505	5.196
3506	5.006
3507	7.006
3508	5.656
3509	8.744
3510	7.017
3511	5.893
3512	3.458
3513	0.8447
3514	0.4223
3515	1.869
3516	9.721
3517	0.06546
3518	9.881
3519	7.539
3520	4.737
3521	4.489
3522	2.701
3523	7.413
3524	6.418
3525	7.659
3526	6.539
3527	4.699
3528	3.926
3529	5.751
3530	5.648
3531	9.75
3532	4.255
3533	2.99
3534	0.7714
3535	0.448
3536	5.22
3537	9.751
3538	0.4684
3539	0.291
3540	3.324
3541	5.088
3542	2.839
3543	6.049
3544	8.081
3545	2.169
3546	8.105
3547	3.309
3548	2.747
3549	0.04985
3550	6.878
3551	8.427
3552	1.868
3553	7.563
3554	7.371
3555	8.25
3556	8.565
3557	9.177
3558	5.506
3559	3.321
3560	5.387
3561	9.406
3562	6.923
3563	3.205
3564	7.111
3565	0.8544
3566	6.339
3567	3.21
3568	8.856
3569	5.249
3570	4.253
3571	9.426
3572	3.658
3573	1.942
3574	8.101
3575	8.878
3576	9.593
3577	0.9995
3578	4.002
3579	1.304
3580	1.287
3581	6.367
3582	3.509
3583	8.351
3584	3.89
3585	0.6083
3586	3.573
3587	0.8729
3588	5.233
3589	6.097
3590	5.83
3591	5.771
3592	7.965
3593	2.306
3594	6.239
3595	0.7984
3596	1.728
3597	6.715
3598	7.626
3599	9.475
3600	8.323
3601	9.855
3602	1.554
3603	0.642
3604	0.07544
3605	7.018
3606	8.388
3607	3.363
3608	6.46
3609	0.2357
3610	7.607
3611	7.03
3612	1.792
3613	6.054
3614	0.2458
3615	7.532
3616	7.495
3617	4.817
3618	8.19
3619	8.713
3620	5.094
3621	4.702
3622	0.6772
3623	2.192
3624	7.871
3625	4.867
3626	7.43
3627	7.118
3628	8.594
3629	1.095
3630	1.49
3631	5.682
3632	9.249
3633	5.151
3634	9.997
3635	0.6345
3636	5.727
3637	4.737
3638	6.294
3639	8.106
3640	1.283
3641	5.094
3642	6.803
3643	6.807
3644	0.2147
3645	4.118
3646	4.414
3647	5.251
3648	6.045
3649	1.429
3650	7.804
3651	4.989
3652	4.902
3653	6.315
3654	9.875
3655	4.667
3656	9.734
3657	9.575
3658	6.927
3659	4.686
3660	3.247
3661	6.062
3662	3.242
3663	1.497
3664	8.391
3665	0.9962
3666	8.515
3667	5.057
3668	5.503
3669	2.265
3670	0.4656
3671	0.2181
3672	5.863
3673	1.871
3674	9.715
3675	0.4798
3676	7.452
3677	5.169
3678	2.457
3679	9.997
3680	2.7
3681	6.059
3682	9.314
3683	3.525
3684	3.48
3685	2.694
3686	6.369
3687	9.653
3688	6.744
3689	4.776
3690	2.039
3691	1.799
3692	0.7158
3693	0.8521
3694	5.663
3695	8.242
3696	6.972
3697	4.844
3698	6.627
3699	8.041
3700	4.874
3701	9.183
3702	7.298
3703	2.815
3704	8.526
3705	0.8034
3706	2.444
3707	2.948
3708	6.501
3709	1.094
3710	3.493
3711	3.429
3712	3.766
3713	1.918
3714	7.881
3715	0.1068
3716	1.285
3717	4.0
3718	9.941
3719	9.778
3720	0.9213
3721	2.083
3722	3.421
3723	5.964
3724	8.471
3725	5.833
3726	9.06
3727	7.106
3728	0.6517
3729	8.947
3730	8.532
3731	1.807
3732	5.206
3733	9.635
3734	3.679
3735	3.709
3736	4.894
3737	4.407
3738	0.1244
3739	8.337
3740	3.828
3741	8.802
3742	4.078
3743	2.148
3744	3.55
3745	1.731
3746	6.429
3747	9.682
3748	7.303
3749	4.273
3750	2.595
3751	0.748
3752	6.87
3753	1.068
3754	2.38
3755	3.497
3756	6.719
3757	7.585
3758	0.1558
3759	9.445
3760	8.913
3761	2.994
3762	7.488
3763	5.077
3764	2.613
3765	5.846
3766	3.324
3767	0.5915
3768	2.368
3769	7.146
3770	4.745
3771	7.059
3772	3.258
3773	7.972
3774	2.055
3775	3.792
3776	8.699
3777	9.272
3778	7.314
3779	5.447
3780	9.764
3781	8.56
3782	6.999
3783	8.339
3784	0.2498
3785	0.1711
3786	1.997
3787	2.758
3788	0.4586
3789	1.961
3790	1.648
3791	3.67
3792	0.442
3793	9.131
3794	4.214
3795	6.388
3796	8.66
3797	1.474
3798	1.769
3799	4.778
3800	0.2461
3801	2.066
3802	9.219
3803	0.02218
3804	7.587
3805	1.421
3806	2.499
3807	9.855
3808	4.243
3809	2.795
3810	9.263
3811	5.611
3812	7.475
3813	3.434
3814	5.971
3815	2.402
3816	4.582
3817	2.859
3818	3.935
3819	6.912
3820	1.637
3821	9.781
3822	7.63
3823	8.368
3824	3.192
3825	4.279
3826	1.565
3827	4.327
3828	6.786
3829	2.987
3830	8.219
3831	8.33
3832	1.747
3833	7.023
3834	7.727
3835	2.752
3836	4.744
3837	4.576
3838	9.952
3839	1.203
3840	3.446
3841	1.927
3842	6.541
3843	3.061
3844	5.538
3845	7.259
3846	8.264
3847	2.672
3848	0.6059
3849	7.491
3850	2.795
3851	4.088
3852	1.272
3853	3.153
3854	0.8156
3855	9.715
3856	5.246
3857	9.469
3858	2.286
3859	3.761
3860	6.424
3861	2.605
3862	0.9946
3863	8.492
3864	9.864
3865	6.274
3866	3.198
3867	9.994
3868	1.184
3869	6.869
3870	1.998
3871	8.949
3872	4.918
3873	9.158
3874	8.031
3875	0.1432
3876	0.6458
3877	3.787
3878	3.013
3879	5.516
3880	8.383
3881	4.34
3882	7.294
3883	8.402
3884	3.231
3885	0.7503
3886	0.8574
3887	7.815
3888	9.374
3889	6.637
3890	9.884
3891	8.327
3892	0.5537
3893	6.916
3894	7.563
3895	4.9
3896	3.626
3897	7.376
3898	7.8
3899	2.151
3900	1.246
3901	2.652
3902	2.464
3903	3.376
3904	9.311
3905	1.97
3906	1.929
3907	6.458
3908	7.206
3909	8.163
3910	6.823
3911	4.287
3912	7.494
3913	5.289
3914	6.618
3915	3.941
3916	2.589
3917	6.921
3918	7.33
3919	5.15
3920	7.728
3921	0.2624
3922	7.23
3923	9.268
3924	4.02
3925	2.798
3926	8.246
3927	7.134
3928	4.851
3929	6.808
3930	9.235
3931	1.909
3932	1.191
3933	3.353
3934	4.843
3935	9.555
3936	1.059
3937	4.502
3938	2.782
3939	3.483
3940	8.166
3941	7.612
3942	9.107
3943	2.799
3944	4.97
3945	4.169
3946	0.3252
3947	1.969
3948	1.412
3949	4.818
3950	2.882
3951	6.97
3952	7.514
3953	9.684
3954	9.016
3955	4.43
3956	1.748
3957	0.7371
3958	4.894
3959	2.34
3960	4.552
3961	5.071
3962	1.691
3963	1.017
3964	5.78
3965	9.714
3966	4.414
3967	4.683
3968	6.313
3969	9.14
3970	7.859
3971	0.6598
3972	3.737
3973	3.423
3974	1.717
3975	2.859
3976	8.377
3977	2.825
3978	9.89
3979	9.631
3980	8.917
3981	4.51
3982	6.219
3983	4.555
3984	3.696
3985	3.441
3986	8.633
3987	4.25
3988	5.3
3989	4.859
3990	3.845
3991	5.239
3992	5.463
3993	0.5999
3994	9.817
3995	5.885
3996	9.559
3997	0.4185
3998	0.9589
3999	9.926
4000	6.252
4001	3.945
