alpha	1	400
b.IMD	401	800
b.male	801	1200
b.student	1201	1600
car[1]	1601	2000
car[2]	2001	2400
car[3]	2401	2800
car[4]	2801	3200
car[5]	3201	3600
car[6]	3601	4000
car[7]	4001	4400
car[8]	4401	4800
car[9]	4801	5200
car[10]	5201	5600
car[11]	5601	6000
car[12]	6001	6400
car[13]	6401	6800
car[14]	6801	7200
car[15]	7201	7600
car[16]	7601	8000
car[17]	8001	8400
car[18]	8401	8800
car[19]	8801	9200
car[20]	9201	9600
car[21]	9601	10000
car[22]	10001	10400
car[23]	10401	10800
car[24]	10801	11200
car[25]	11201	11600
car[26]	11601	12000
car[27]	12001	12400
car[28]	12401	12800
car[29]	12801	13200
car[30]	13201	13600
car[31]	13601	14000
car[32]	14001	14400
car[33]	14401	14800
car[34]	14801	15200
car[35]	15201	15600
car[36]	15601	16000
car[37]	16001	16400
car[38]	16401	16800
car[39]	16801	17200
car[40]	17201	17600
car[41]	17601	18000
car[42]	18001	18400
car[43]	18401	18800
car[44]	18801	19200
car[45]	19201	19600
car[46]	19601	20000
car[47]	20001	20400
car[48]	20401	20800
car[49]	20801	21200
car[50]	21201	21600
car[51]	21601	22000
car[52]	22001	22400
car[53]	22401	22800
car[54]	22801	23200
car[55]	23201	23600
car[56]	23601	24000
car[57]	24001	24400
car[58]	24401	24800
car[59]	24801	25200
car[60]	25201	25600
car[61]	25601	26000
car[62]	26001	26400
car[63]	26401	26800
car[64]	26801	27200
car[65]	27201	27600
car[66]	27601	28000
car[67]	28001	28400
car[68]	28401	28800
car[69]	28801	29200
car[70]	29201	29600
car[71]	29601	30000
car[72]	30001	30400
car[73]	30401	30800
car[74]	30801	31200
car[75]	31201	31600
car[76]	31601	32000
car[77]	32001	32400
car[78]	32401	32800
car[79]	32801	33200
car[80]	33201	33600
car[81]	33601	34000
car[82]	34001	34400
car[83]	34401	34800
car[84]	34801	35200
car[85]	35201	35600
car[86]	35601	36000
car[87]	36001	36400
car[88]	36401	36800
car[89]	36801	37200
car[90]	37201	37600
car[91]	37601	38000
car[92]	38001	38400
car[93]	38401	38800
car[94]	38801	39200
car[95]	39201	39600
car[96]	39601	40000
car[97]	40001	40400
car[98]	40401	40800
car[99]	40801	41200
car[100]	41201	41600
car[101]	41601	42000
car[102]	42001	42400
car[103]	42401	42800
car[104]	42801	43200
car[105]	43201	43600
car[106]	43601	44000
car[107]	44001	44400
car[108]	44401	44800
car[109]	44801	45200
car[110]	45201	45600
car[111]	45601	46000
car[112]	46001	46400
car[113]	46401	46800
car[114]	46801	47200
car[115]	47201	47600
car[116]	47601	48000
car[117]	48001	48400
car[118]	48401	48800
car[119]	48801	49200
car[120]	49201	49600
car[121]	49601	50000
car[122]	50001	50400
car[123]	50401	50800
car[124]	50801	51200
car[125]	51201	51600
car[126]	51601	52000
car[127]	52001	52400
car[128]	52401	52800
car[129]	52801	53200
car[130]	53201	53600
car[131]	53601	54000
car[132]	54001	54400
car[133]	54401	54800
car[134]	54801	55200
car[135]	55201	55600
car[136]	55601	56000
car[137]	56001	56400
car[138]	56401	56800
car[139]	56801	57200
car[140]	57201	57600
car[141]	57601	58000
car[142]	58001	58400
car[144]	58401	58800
car[145]	58801	59200
car[146]	59201	59600
car[147]	59601	60000
car[148]	60001	60400
car[149]	60401	60800
car[150]	60801	61200
car[151]	61201	61600
car[152]	61601	62000
car[153]	62001	62400
car[154]	62401	62800
car[155]	62801	63200
car[156]	63201	63600
car[157]	63601	64000
car[158]	64001	64400
car[159]	64401	64800
car[160]	64801	65200
car[161]	65201	65600
car[162]	65601	66000
car[163]	66001	66400
car[164]	66401	66800
car[165]	66801	67200
car[166]	67201	67600
car[167]	67601	68000
car[168]	68001	68400
car[169]	68401	68800
car[170]	68801	69200
car[171]	69201	69600
car[172]	69601	70000
car[173]	70001	70400
car[174]	70401	70800
car[175]	70801	71200
car[176]	71201	71600
car[177]	71601	72000
car[178]	72001	72400
car[179]	72401	72800
car[180]	72801	73200
car[181]	73201	73600
car[182]	73601	74000
car[183]	74001	74400
car[184]	74401	74800
car[185]	74801	75200
car[186]	75201	75600
car[187]	75601	76000
car[188]	76001	76400
car[189]	76401	76800
car[190]	76801	77200
car[191]	77201	77600
car[192]	77601	78000
car[193]	78001	78400
car[194]	78401	78800
car[195]	78801	79200
car[196]	79201	79600
car[197]	79601	80000
car[198]	80001	80400
car[199]	80401	80800
car[200]	80801	81200
car[201]	81201	81600
car[202]	81601	82000
car[203]	82001	82400
car[204]	82401	82800
car[205]	82801	83200
car[206]	83201	83600
car[207]	83601	84000
car[208]	84001	84400
car[209]	84401	84800
car[210]	84801	85200
car[211]	85201	85600
car[212]	85601	86000
car[213]	86001	86400
car[214]	86401	86800
car[215]	86801	87200
car[216]	87201	87600
car[217]	87601	88000
car[218]	88001	88400
car[219]	88401	88800
car[220]	88801	89200
car[221]	89201	89600
car[222]	89601	90000
car[223]	90001	90400
car[224]	90401	90800
car[225]	90801	91200
car[226]	91201	91600
car[227]	91601	92000
car[228]	92001	92400
car[229]	92401	92800
car[230]	92801	93200
car[231]	93201	93600
car[232]	93601	94000
car[233]	94001	94400
car[234]	94401	94800
car[235]	94801	95200
car[236]	95201	95600
car[237]	95601	96000
car[238]	96001	96400
car[239]	96401	96800
car[240]	96801	97200
car[241]	97201	97600
car[242]	97601	98000
car[243]	98001	98400
car[244]	98401	98800
car[245]	98801	99200
car[246]	99201	99600
car[247]	99601	100000
car[248]	100001	100400
car[249]	100401	100800
car[250]	100801	101200
car[251]	101201	101600
car[252]	101601	102000
car[253]	102001	102400
car[254]	102401	102800
car[255]	102801	103200
car[256]	103201	103600
car[257]	103601	104000
car[258]	104001	104400
car[260]	104401	104800
car[261]	104801	105200
car[262]	105201	105600
car[263]	105601	106000
car[264]	106001	106400
car[265]	106401	106800
car[266]	106801	107200
car[267]	107201	107600
car[268]	107601	108000
car[269]	108001	108400
car[270]	108401	108800
car[271]	108801	109200
car[272]	109201	109600
car[273]	109601	110000
car[274]	110001	110400
car[275]	110401	110800
car[276]	110801	111200
car[277]	111201	111600
car[278]	111601	112000
car[279]	112001	112400
car[280]	112401	112800
car[281]	112801	113200
car[282]	113201	113600
car[283]	113601	114000
car[284]	114001	114400
car[285]	114401	114800
car[286]	114801	115200
car[287]	115201	115600
car[288]	115601	116000
car[289]	116001	116400
car[290]	116401	116800
car[291]	116801	117200
car[292]	117201	117600
car[293]	117601	118000
car[294]	118001	118400
car[295]	118401	118800
car[296]	118801	119200
car[297]	119201	119600
car[298]	119601	120000
car[299]	120001	120400
car[300]	120401	120800
car[301]	120801	121200
car[302]	121201	121600
car[303]	121601	122000
car[304]	122001	122400
car[305]	122401	122800
car[306]	122801	123200
car[307]	123201	123600
car[308]	123601	124000
car[309]	124001	124400
car[310]	124401	124800
car[311]	124801	125200
car[312]	125201	125600
car[313]	125601	126000
car[314]	126001	126400
car[315]	126401	126800
car[316]	126801	127200
car[317]	127201	127600
car[318]	127601	128000
car[319]	128001	128400
car[320]	128401	128800
car[321]	128801	129200
car[322]	129201	129600
car[323]	129601	130000
car[324]	130001	130400
car[325]	130401	130800
car[326]	130801	131200
d[1]	131201	131600
d[2]	131601	132000
d[3]	132001	132400
d[4]	132401	132800
d[5]	132801	133200
d[6]	133201	133600
d[7]	133601	134000
d[8]	134001	134400
d[9]	134401	134800
d[10]	134801	135200
deviance	135201	135600
g[1]	135601	136000
g[2]	136001	136400
g[3]	136401	136800
g[4]	136801	137200
g[5]	137201	137600
g[6]	137601	138000
g[7]	138001	138400
g[8]	138401	138800
g[9]	138801	139200
g[10]	139201	139600
g[11]	139601	140000
g[12]	140001	140400
g[13]	140401	140800
g[14]	140801	141200
g[15]	141201	141600
g[16]	141601	142000
g[17]	142001	142400
g[18]	142401	142800
g[19]	142801	143200
g[20]	143201	143600
g[21]	143601	144000
g[22]	144001	144400
g[23]	144401	144800
g[24]	144801	145200
g[25]	145201	145600
g[26]	145601	146000
g[27]	146001	146400
g[28]	146401	146800
g[29]	146801	147200
g[30]	147201	147600
g[31]	147601	148000
g[32]	148001	148400
g[33]	148401	148800
g[34]	148801	149200
g[35]	149201	149600
g[36]	149601	150000
g[37]	150001	150400
g[38]	150401	150800
g[39]	150801	151200
g[40]	151201	151600
g[41]	151601	152000
g[42]	152001	152400
g[43]	152401	152800
g[44]	152801	153200
g[45]	153201	153600
g[46]	153601	154000
g[47]	154001	154400
g[48]	154401	154800
g[49]	154801	155200
g[50]	155201	155600
g[51]	155601	156000
g[52]	156001	156400
g[53]	156401	156800
g[54]	156801	157200
g[55]	157201	157600
g[56]	157601	158000
g[57]	158001	158400
g[58]	158401	158800
g[59]	158801	159200
g[60]	159201	159600
g[61]	159601	160000
g[62]	160001	160400
g[63]	160401	160800
g[64]	160801	161200
g[65]	161201	161600
g[66]	161601	162000
g[67]	162001	162400
g[68]	162401	162800
g[69]	162801	163200
g[70]	163201	163600
g[71]	163601	164000
g[72]	164001	164400
g[73]	164401	164800
g[74]	164801	165200
g[75]	165201	165600
g[76]	165601	166000
g[77]	166001	166400
g[78]	166401	166800
g[79]	166801	167200
g[80]	167201	167600
g[81]	167601	168000
g[82]	168001	168400
g[83]	168401	168800
g[84]	168801	169200
g[85]	169201	169600
g[86]	169601	170000
g[87]	170001	170400
g[88]	170401	170800
g[89]	170801	171200
g[90]	171201	171600
g[91]	171601	172000
h[1]	172001	172400
h[2]	172401	172800
h[3]	172801	173200
h[4]	173201	173600
h[5]	173601	174000
h[6]	174001	174400
h[7]	174401	174800
h[8]	174801	175200
h[9]	175201	175600
lambda	175601	176000
r[1]	176001	176400
r[2]	176401	176800
r[3]	176801	177200
r[4]	177201	177600
r[5]	177601	178000
r[6]	178001	178400
r[7]	178401	178800
r[8]	178801	179200
r[9]	179201	179600
r[10]	179601	180000
r[11]	180001	180400
r[12]	180401	180800
r[13]	180801	181200
r[14]	181201	181600
r[15]	181601	182000
r[16]	182001	182400
r[17]	182401	182800
r[18]	182801	183200
r[19]	183201	183600
r[20]	183601	184000
r[21]	184001	184400
r[22]	184401	184800
r[23]	184801	185200
r[24]	185201	185600
r[25]	185601	186000
r[26]	186001	186400
r[27]	186401	186800
r[28]	186801	187200
r[29]	187201	187600
r[30]	187601	188000
r[31]	188001	188400
r[32]	188401	188800
r[33]	188801	189200
r[34]	189201	189600
r[35]	189601	190000
r[36]	190001	190400
r[37]	190401	190800
r[38]	190801	191200
r[39]	191201	191600
r[40]	191601	192000
r[41]	192001	192400
r[42]	192401	192800
r[43]	192801	193200
r[44]	193201	193600
r[45]	193601	194000
r[46]	194001	194400
r[47]	194401	194800
r[48]	194801	195200
r[49]	195201	195600
r[50]	195601	196000
r[51]	196001	196400
r[52]	196401	196800
r[53]	196801	197200
r[54]	197201	197600
r[55]	197601	198000
r[56]	198001	198400
r[57]	198401	198800
r[58]	198801	199200
r[59]	199201	199600
r[60]	199601	200000
r[61]	200001	200400
r[62]	200401	200800
r[63]	200801	201200
r[64]	201201	201600
r[65]	201601	202000
r[66]	202001	202400
r[67]	202401	202800
r[68]	202801	203200
r[69]	203201	203600
r[70]	203601	204000
r[71]	204001	204400
r[72]	204401	204800
r[73]	204801	205200
r[74]	205201	205600
r[75]	205601	206000
r[76]	206001	206400
r[77]	206401	206800
r[78]	206801	207200
r[79]	207201	207600
r[80]	207601	208000
r[81]	208001	208400
r[82]	208401	208800
r[83]	208801	209200
r[84]	209201	209600
r[85]	209601	210000
r[86]	210001	210400
r[87]	210401	210800
r[88]	210801	211200
r[89]	211201	211600
r[90]	211601	212000
r[91]	212001	212400
r[92]	212401	212800
r[93]	212801	213200
r[94]	213201	213600
r[95]	213601	214000
r[96]	214001	214400
r[97]	214401	214800
r[98]	214801	215200
r[99]	215201	215600
r[100]	215601	216000
r[101]	216001	216400
r[102]	216401	216800
r[103]	216801	217200
r[104]	217201	217600
r[105]	217601	218000
r[106]	218001	218400
r[107]	218401	218800
r[108]	218801	219200
r[109]	219201	219600
r[110]	219601	220000
r[111]	220001	220400
r[112]	220401	220800
r[113]	220801	221200
r[114]	221201	221600
r[115]	221601	222000
r[116]	222001	222400
r[117]	222401	222800
r[118]	222801	223200
r[119]	223201	223600
r[120]	223601	224000
r[121]	224001	224400
r[122]	224401	224800
r[123]	224801	225200
r[124]	225201	225600
r[125]	225601	226000
r[126]	226001	226400
r[127]	226401	226800
r[128]	226801	227200
r[129]	227201	227600
r[130]	227601	228000
r[131]	228001	228400
r[132]	228401	228800
r[133]	228801	229200
r[134]	229201	229600
r[135]	229601	230000
r[136]	230001	230400
r[137]	230401	230800
r[138]	230801	231200
r[139]	231201	231600
r[140]	231601	232000
r[141]	232001	232400
r[142]	232401	232800
r[143]	232801	233200
r[144]	233201	233600
r[145]	233601	234000
r[146]	234001	234400
r[147]	234401	234800
r[148]	234801	235200
r[149]	235201	235600
r[150]	235601	236000
r[151]	236001	236400
r[152]	236401	236800
r[153]	236801	237200
r[154]	237201	237600
r[155]	237601	238000
r[156]	238001	238400
r[157]	238401	238800
r[158]	238801	239200
r[159]	239201	239600
r[160]	239601	240000
r[161]	240001	240400
r[162]	240401	240800
r[163]	240801	241200
r[164]	241201	241600
r[165]	241601	242000
r[166]	242001	242400
r[167]	242401	242800
r[168]	242801	243200
r[169]	243201	243600
r[170]	243601	244000
r[171]	244001	244400
r[172]	244401	244800
r[173]	244801	245200
r[174]	245201	245600
r[175]	245601	246000
r[176]	246001	246400
r[177]	246401	246800
r[178]	246801	247200
r[179]	247201	247600
r[180]	247601	248000
r[181]	248001	248400
r[182]	248401	248800
r[183]	248801	249200
r[184]	249201	249600
r[185]	249601	250000
r[186]	250001	250400
r[187]	250401	250800
r[188]	250801	251200
r[189]	251201	251600
r[190]	251601	252000
r[191]	252001	252400
r[192]	252401	252800
r[193]	252801	253200
r[194]	253201	253600
r[195]	253601	254000
r[196]	254001	254400
r[197]	254401	254800
r[198]	254801	255200
r[199]	255201	255600
r[200]	255601	256000
r[201]	256001	256400
r[202]	256401	256800
r[203]	256801	257200
r[204]	257201	257600
r[205]	257601	258000
r[206]	258001	258400
r[207]	258401	258800
r[208]	258801	259200
r[209]	259201	259600
r[210]	259601	260000
r[211]	260001	260400
r[212]	260401	260800
r[213]	260801	261200
r[214]	261201	261600
r[215]	261601	262000
r[216]	262001	262400
r[217]	262401	262800
r[218]	262801	263200
r[219]	263201	263600
r[220]	263601	264000
r[221]	264001	264400
r[222]	264401	264800
r[223]	264801	265200
r[224]	265201	265600
r[225]	265601	266000
r[226]	266001	266400
r[227]	266401	266800
r[228]	266801	267200
r[229]	267201	267600
r[230]	267601	268000
r[231]	268001	268400
r[232]	268401	268800
r[233]	268801	269200
r[234]	269201	269600
r[235]	269601	270000
r[236]	270001	270400
r[237]	270401	270800
r[238]	270801	271200
r[239]	271201	271600
r[240]	271601	272000
r[241]	272001	272400
r[242]	272401	272800
r[243]	272801	273200
r[244]	273201	273600
r[245]	273601	274000
r[246]	274001	274400
r[247]	274401	274800
r[248]	274801	275200
r[249]	275201	275600
r[250]	275601	276000
r[251]	276001	276400
r[252]	276401	276800
r[253]	276801	277200
r[254]	277201	277600
r[255]	277601	278000
r[256]	278001	278400
r[257]	278401	278800
r[258]	278801	279200
r[259]	279201	279600
r[260]	279601	280000
r[261]	280001	280400
r[262]	280401	280800
r[263]	280801	281200
r[264]	281201	281600
r[265]	281601	282000
r[266]	282001	282400
r[267]	282401	282800
r[268]	282801	283200
r[269]	283201	283600
r[270]	283601	284000
r[271]	284001	284400
r[272]	284401	284800
r[273]	284801	285200
r[274]	285201	285600
r[275]	285601	286000
r[276]	286001	286400
r[277]	286401	286800
r[278]	286801	287200
r[279]	287201	287600
r[280]	287601	288000
r[281]	288001	288400
r[282]	288401	288800
r[283]	288801	289200
r[284]	289201	289600
r[285]	289601	290000
r[286]	290001	290400
r[287]	290401	290800
r[288]	290801	291200
r[289]	291201	291600
r[290]	291601	292000
r[291]	292001	292400
r[292]	292401	292800
r[293]	292801	293200
r[294]	293201	293600
r[295]	293601	294000
r[296]	294001	294400
r[297]	294401	294800
r[298]	294801	295200
r[299]	295201	295600
r[300]	295601	296000
r[301]	296001	296400
r[302]	296401	296800
r[303]	296801	297200
r[304]	297201	297600
r[305]	297601	298000
r[306]	298001	298400
r[307]	298401	298800
r[308]	298801	299200
r[309]	299201	299600
r[310]	299601	300000
r[311]	300001	300400
r[312]	300401	300800
r[313]	300801	301200
r[314]	301201	301600
r[315]	301601	302000
r[316]	302001	302400
r[317]	302401	302800
r[318]	302801	303200
r[319]	303201	303600
r[320]	303601	304000
r[321]	304001	304400
r[322]	304401	304800
r[323]	304801	305200
r[324]	305201	305600
r[325]	305601	306000
r[326]	306001	306400
tau.age	306401	306800
tau.car	306801	307200
tau.conception	307201	307600
tau.ethngrp	307601	308000
tau.gor	308001	308400
tau.la	308401	308800
tau.met	308801	309200
tau.ons	309201	309600
u[1]	309601	310000
u[2]	310001	310400
u[3]	310401	310800
u[4]	310801	311200
u[5]	311201	311600
u[6]	311601	312000
v[1]	312001	312400
v[2]	312401	312800
v[3]	312801	313200
v[4]	313201	313600
v[5]	313601	314000
v[6]	314001	314400
v[7]	314401	314800
v[8]	314801	315200
v[9]	315201	315600
w[1]	315601	316000
w[2]	316001	316400
w[3]	316401	316800
w[4]	316801	317200
w[5]	317201	317600
w[6]	317601	318000
