alpha	1	498
b.male	499	996
b.student	997	1494
deviance	1495	1992
r[1]	1993	2490
r[2]	2491	2988
r[3]	2989	3486
r[4]	3487	3984
r[5]	3985	4482
r[6]	4483	4980
r[7]	4981	5478
r[8]	5479	5976
r[9]	5977	6474
r[10]	6475	6972
r[11]	6973	7470
r[12]	7471	7968
r[13]	7969	8466
r[14]	8467	8964
r[15]	8965	9462
r[16]	9463	9960
r[17]	9961	10458
r[18]	10459	10956
r[19]	10957	11454
r[20]	11455	11952
r[21]	11953	12450
r[22]	12451	12948
r[23]	12949	13446
r[24]	13447	13944
r[25]	13945	14442
r[26]	14443	14940
r[27]	14941	15438
r[28]	15439	15936
r[29]	15937	16434
r[30]	16435	16932
r[31]	16933	17430
r[32]	17431	17928
r[33]	17929	18426
r[34]	18427	18924
r[35]	18925	19422
r[36]	19423	19920
r[37]	19921	20418
r[38]	20419	20916
r[39]	20917	21414
r[40]	21415	21912
r[41]	21913	22410
r[42]	22411	22908
r[43]	22909	23406
r[44]	23407	23904
r[45]	23905	24402
r[46]	24403	24900
r[47]	24901	25398
r[48]	25399	25896
r[49]	25897	26394
r[50]	26395	26892
r[51]	26893	27390
r[52]	27391	27888
r[53]	27889	28386
r[54]	28387	28884
r[55]	28885	29382
r[56]	29383	29880
r[57]	29881	30378
r[58]	30379	30876
r[59]	30877	31374
r[60]	31375	31872
r[61]	31873	32370
r[62]	32371	32868
r[63]	32869	33366
r[64]	33367	33864
r[65]	33865	34362
r[66]	34363	34860
r[67]	34861	35358
r[68]	35359	35856
r[69]	35857	36354
r[70]	36355	36852
r[71]	36853	37350
r[72]	37351	37848
r[73]	37849	38346
r[74]	38347	38844
r[75]	38845	39342
r[76]	39343	39840
r[77]	39841	40338
r[78]	40339	40836
r[79]	40837	41334
r[80]	41335	41832
r[81]	41833	42330
r[82]	42331	42828
r[83]	42829	43326
r[84]	43327	43824
r[85]	43825	44322
r[86]	44323	44820
r[87]	44821	45318
r[88]	45319	45816
r[89]	45817	46314
r[90]	46315	46812
r[91]	46813	47310
r[92]	47311	47808
r[93]	47809	48306
r[94]	48307	48804
r[95]	48805	49302
r[96]	49303	49800
r[97]	49801	50298
r[98]	50299	50796
r[99]	50797	51294
r[100]	51295	51792
r[101]	51793	52290
r[102]	52291	52788
r[103]	52789	53286
r[104]	53287	53784
r[105]	53785	54282
r[106]	54283	54780
r[107]	54781	55278
r[108]	55279	55776
r[109]	55777	56274
r[110]	56275	56772
r[111]	56773	57270
r[112]	57271	57768
r[113]	57769	58266
r[114]	58267	58764
r[115]	58765	59262
r[116]	59263	59760
r[117]	59761	60258
r[118]	60259	60756
r[119]	60757	61254
r[120]	61255	61752
r[121]	61753	62250
r[122]	62251	62748
r[123]	62749	63246
r[124]	63247	63744
r[125]	63745	64242
r[126]	64243	64740
r[127]	64741	65238
r[128]	65239	65736
r[129]	65737	66234
r[130]	66235	66732
r[131]	66733	67230
r[132]	67231	67728
r[133]	67729	68226
r[134]	68227	68724
r[135]	68725	69222
r[136]	69223	69720
r[137]	69721	70218
r[138]	70219	70716
r[139]	70717	71214
r[140]	71215	71712
r[141]	71713	72210
r[142]	72211	72708
r[143]	72709	73206
r[144]	73207	73704
r[145]	73705	74202
r[146]	74203	74700
r[147]	74701	75198
r[148]	75199	75696
r[149]	75697	76194
r[150]	76195	76692
r[151]	76693	77190
r[152]	77191	77688
r[153]	77689	78186
r[154]	78187	78684
r[155]	78685	79182
r[156]	79183	79680
r[157]	79681	80178
r[158]	80179	80676
r[159]	80677	81174
r[160]	81175	81672
r[161]	81673	82170
r[162]	82171	82668
r[163]	82669	83166
r[164]	83167	83664
r[165]	83665	84162
r[166]	84163	84660
r[167]	84661	85158
r[168]	85159	85656
r[169]	85657	86154
r[170]	86155	86652
r[171]	86653	87150
r[172]	87151	87648
r[173]	87649	88146
r[174]	88147	88644
r[175]	88645	89142
r[176]	89143	89640
r[177]	89641	90138
r[178]	90139	90636
r[179]	90637	91134
r[180]	91135	91632
r[181]	91633	92130
r[182]	92131	92628
r[183]	92629	93126
r[184]	93127	93624
r[185]	93625	94122
r[186]	94123	94620
r[187]	94621	95118
r[188]	95119	95616
r[189]	95617	96114
r[190]	96115	96612
r[191]	96613	97110
r[192]	97111	97608
r[193]	97609	98106
r[194]	98107	98604
r[195]	98605	99102
r[196]	99103	99600
r[197]	99601	100098
r[198]	100099	100596
r[199]	100597	101094
r[200]	101095	101592
r[201]	101593	102090
r[202]	102091	102588
r[203]	102589	103086
r[204]	103087	103584
r[205]	103585	104082
r[206]	104083	104580
r[207]	104581	105078
r[208]	105079	105576
r[209]	105577	106074
r[210]	106075	106572
r[211]	106573	107070
r[212]	107071	107568
r[213]	107569	108066
r[214]	108067	108564
r[215]	108565	109062
r[216]	109063	109560
r[217]	109561	110058
r[218]	110059	110556
r[219]	110557	111054
r[220]	111055	111552
r[221]	111553	112050
r[222]	112051	112548
r[223]	112549	113046
r[224]	113047	113544
r[225]	113545	114042
r[226]	114043	114540
r[227]	114541	115038
r[228]	115039	115536
r[229]	115537	116034
r[230]	116035	116532
r[231]	116533	117030
r[232]	117031	117528
r[233]	117529	118026
r[234]	118027	118524
r[235]	118525	119022
r[236]	119023	119520
r[237]	119521	120018
r[238]	120019	120516
r[239]	120517	121014
r[240]	121015	121512
r[241]	121513	122010
r[242]	122011	122508
r[243]	122509	123006
r[244]	123007	123504
r[245]	123505	124002
r[246]	124003	124500
r[247]	124501	124998
r[248]	124999	125496
r[249]	125497	125994
r[250]	125995	126492
r[251]	126493	126990
r[252]	126991	127488
r[253]	127489	127986
r[254]	127987	128484
r[255]	128485	128982
r[256]	128983	129480
r[257]	129481	129978
r[258]	129979	130476
r[259]	130477	130974
r[260]	130975	131472
r[261]	131473	131970
r[262]	131971	132468
r[263]	132469	132966
r[264]	132967	133464
r[265]	133465	133962
r[266]	133963	134460
r[267]	134461	134958
r[268]	134959	135456
r[269]	135457	135954
r[270]	135955	136452
r[271]	136453	136950
r[272]	136951	137448
r[273]	137449	137946
r[274]	137947	138444
r[275]	138445	138942
r[276]	138943	139440
r[277]	139441	139938
r[278]	139939	140436
r[279]	140437	140934
r[280]	140935	141432
r[281]	141433	141930
r[282]	141931	142428
r[283]	142429	142926
r[284]	142927	143424
r[285]	143425	143922
r[286]	143923	144420
r[287]	144421	144918
r[288]	144919	145416
r[289]	145417	145914
r[290]	145915	146412
r[291]	146413	146910
r[292]	146911	147408
r[293]	147409	147906
r[294]	147907	148404
r[295]	148405	148902
r[296]	148903	149400
r[297]	149401	149898
r[298]	149899	150396
r[299]	150397	150894
r[300]	150895	151392
r[301]	151393	151890
r[302]	151891	152388
r[303]	152389	152886
r[304]	152887	153384
r[305]	153385	153882
r[306]	153883	154380
r[307]	154381	154878
r[308]	154879	155376
r[309]	155377	155874
r[310]	155875	156372
r[311]	156373	156870
r[312]	156871	157368
r[313]	157369	157866
r[314]	157867	158364
tau.age	158365	158862
tau.ethngrp	158863	159360
tau.la	159361	159858
v[1]	159859	160356
v[2]	160357	160854
v[3]	160855	161352
v[4]	161353	161850
v[5]	161851	162348
v[6]	162349	162846
v[7]	162847	163344
v[8]	163345	163842
v[9]	163843	164340
v[10]	164341	164838
v[11]	164839	165336
v[12]	165337	165834
v[13]	165835	166332
v[14]	166333	166830
v[15]	166831	167328
v[16]	167329	167826
v[17]	167827	168324
v[18]	168325	168822
v[19]	168823	169320
v[20]	169321	169818
v[21]	169819	170316
v[22]	170317	170814
v[23]	170815	171312
v[24]	171313	171810
v[25]	171811	172308
v[26]	172309	172806
v[27]	172807	173304
v[28]	173305	173802
v[29]	173803	174300
v[30]	174301	174798
v[31]	174799	175296
v[32]	175297	175794
v[33]	175795	176292
v[34]	176293	176790
v[35]	176791	177288
v[36]	177289	177786
v[37]	177787	178284
v[38]	178285	178782
v[39]	178783	179280
v[40]	179281	179778
v[41]	179779	180276
v[42]	180277	180774
v[43]	180775	181272
v[44]	181273	181770
v[45]	181771	182268
v[46]	182269	182766
v[47]	182767	183264
v[48]	183265	183762
v[49]	183763	184260
v[50]	184261	184758
v[51]	184759	185256
v[52]	185257	185754
v[53]	185755	186252
v[54]	186253	186750
v[55]	186751	187248
v[56]	187249	187746
v[57]	187747	188244
v[58]	188245	188742
v[59]	188743	189240
w[1]	189241	189738
w[2]	189739	190236
w[3]	190237	190734
w[4]	190735	191232
w[5]	191233	191730
w[6]	191731	192228
